timestamp,open,high,low,close,adjusted_close,volume,dividend_amount,split_coefficient
2022-11-28,234.76,234.76,230.85,231.62,231.62,205510,0.0000,1.0
2022-11-25,235.28,236.11,234.5809,236.08,236.08,79790,0.0000,1.0
2022-11-23,233.87,235.93,232.41,234.4,234.4,120705,0.0000,1.0
2022-11-22,232.86,233.755,231.38,233.59,233.59,213004,0.0000,1.0
2022-11-21,230.0,233.37,230.0,231.14,231.14,222065,0.0000,1.0
2022-11-18,231.72,232.62,229.22,231.01,231.01,377079,0.0000,1.0
2022-11-17,229.43,229.47,226.39,229.13,229.13,201658,0.0000,1.0
2022-11-16,235.31,236.195,231.39,232.0,232.0,279237,0.0000,1.0
2022-11-15,239.2,242.43,234.81,235.0,235.0,366360,0.0000,1.0
2022-11-14,236.65,240.55,234.61,237.4,237.4,235412,0.0000,1.0
2022-11-11,236.12,239.07,234.82,236.55,236.55,219819,0.0000,1.0
2022-11-10,230.25,235.53,230.25,235.18,235.18,269207,0.0000,1.0
2022-11-09,224.48,226.88,222.73,223.7,223.7,149395,0.0000,1.0
2022-11-08,223.17,228.415,222.43,225.35,225.35,208206,0.0000,1.0
2022-11-07,221.24,223.14,218.47,222.15,222.15,280179,0.0000,1.0
2022-11-04,221.38,222.39,218.44,220.05,220.05,425033,0.0000,1.0
2022-11-03,218.81,220.99,216.82,218.0,218.0,255279,0.0000,1.0
2022-11-02,224.62,228.47,220.84,221.35,221.35,225014,0.0000,1.0
2022-11-01,225.72,226.85,223.59,225.75,225.75,196605,0.0000,1.0
2022-10-31,224.55,226.81,223.32,225.0,225.0,360463,0.0000,1.0
2022-10-28,222.42,227.44,221.69,226.0,226.0,264330,0.0000,1.0
2022-10-27,222.22,225.075,220.5003,221.06,221.06,221337,0.0000,1.0
2022-10-26,224.35,225.86,222.47,222.52,222.52,155461,0.0000,1.0
2022-10-25,218.52,223.67,218.1137,223.46,223.46,161163,0.0000,1.0
2022-10-24,217.48,219.88,216.36,218.86,218.86,129273,0.0000,1.0
2022-10-21,212.69,217.09,211.44,216.53,216.53,200193,0.0000,1.0
2022-10-20,217.73,217.92,211.125,211.51,211.51,159291,0.0000,1.0
2022-10-19,217.32,218.63,214.91,216.76,216.76,122785,0.0000,1.0
2022-10-18,220.6,221.34,215.77,218.67,218.67,229615,0.0000,1.0
2022-10-17,214.01,216.37,214.01,215.8,215.8,196080,0.0000,1.0
2022-10-14,216.91,216.91,208.97,210.46,210.46,220373,0.0000,1.0
2022-10-13,206.56,216.05,205.2,215.03,215.03,280821,0.0000,1.0
2022-10-12,214.07,215.025,210.69,210.83,210.83,190003,0.0000,1.0
2022-10-11,213.87,216.51,212.9,214.51,214.51,217745,0.0000,1.0
2022-10-10,216.38,216.66,212.5,214.52,214.52,114496,0.0000,1.0
2022-10-07,219.97,219.97,214.295,215.72,215.72,166678,0.0000,1.0
2022-10-06,222.75,224.23,220.36,221.31,221.31,207787,0.0000,1.0
2022-10-05,222.15,224.56,221.92,223.23,223.23,179022,0.0000,1.0
2022-10-04,221.48,225.43,221.48,224.29,224.29,232011,0.0000,1.0
2022-10-03,214.1,220.38,213.57,218.6,218.6,211912,0.0000,1.0
2022-09-30,214.29,216.038,211.85,212.27,212.27,213876,0.0000,1.0
2022-09-29,213.81,213.98,211.05,213.76,213.76,176665,0.0000,1.0
2022-09-28,211.46,216.84,211.46,215.46,215.46,310531,0.0000,1.0
2022-09-27,214.0,215.67,208.21,209.97,209.97,253335,0.0000,1.0
2022-09-26,212.77,215.41,211.995,212.64,212.64,200939,0.0000,1.0
2022-09-23,214.25,214.275,210.37,213.0,213.0,182181,0.0000,1.0
2022-09-22,218.24,218.93,215.08,215.19,215.19,170375,0.0000,1.0
2022-09-21,223.16,225.385,218.91,218.91,218.91,144331,0.0000,1.0
2022-09-20,222.57,224.0,219.04,221.63,221.63,222100,0.0000,1.0
2022-09-19,218.78,224.27,218.35,224.03,224.03,185890,0.0000,1.0
2022-09-16,220.8,220.8,215.65,218.98,218.98,509020,0.0000,1.0
2022-09-15,225.77,227.04,222.18,223.02,223.02,224688,0.0000,1.0
2022-09-14,226.91,228.815,224.96,226.72,226.72,167138,0.0000,1.0
2022-09-13,230.6,231.26,226.665,227.35,227.35,188865,0.0000,1.0
2022-09-12,235.2,236.58,234.03,235.27,235.27,141387,0.0000,1.0
2022-09-09,233.26,234.96,232.92,234.28,234.28,178107,0.0000,1.0
2022-09-08,230.3,232.47,228.94,232.15,232.15,180853,0.0000,1.0
2022-09-07,227.15,232.5025,226.76,232.31,232.31,192443,0.0000,1.0
2022-09-06,223.89,225.94,222.66,225.55,225.55,209698,0.0000,1.0
2022-09-02,228.28,228.915,222.84,223.74,223.74,171242,0.0000,1.0
2022-09-01,226.24,227.41,223.58,226.18,226.18,222653,0.0000,1.0
2022-08-31,228.69,229.29,226.17,227.17,227.17,327308,0.0000,1.0
2022-08-30,231.86,232.39,227.65,227.98,227.98,270525,0.0000,1.0
2022-08-29,231.47,233.16,230.16,231.69,231.69,196538,0.0000,1.0
2022-08-26,243.01,243.01,232.03,232.83,232.83,191862,0.0000,1.0
2022-08-25,240.14,242.37,238.25,242.27,242.27,135347,0.0000,1.0
2022-08-24,239.17,241.055,237.88,239.8,239.8,337119,0.0000,1.0
2022-08-23,236.0,240.565,232.93,239.17,239.17,491995,0.0000,1.0
2022-08-22,239.95,240.66,232.0,233.28,233.28,413787,0.6500,1.0
2022-08-19,245.13,245.815,243.38,244.3,243.621185825,191020,0.0000,1.0
2022-08-18,245.08,246.44,244.43,246.39,245.705378532,146713,0.0000,1.0
2022-08-17,243.28,246.05,242.75,244.81,244.129768734,133868,0.0000,1.0
2022-08-16,243.85,247.079,243.85,245.78,245.097073484,136867,0.0000,1.0
2022-08-15,242.51,245.77,240.28,245.12,244.438907365,226244,0.0000,1.0
2022-08-12,239.83,243.19,238.55,243.06,242.3846313,170069,0.0000,1.0
2022-08-11,238.57,240.905,237.97,238.5,237.837301757,242091,0.0000,1.0
2022-08-10,234.78,238.05,231.86,237.87,237.209052281,210343,0.0000,1.0
2022-08-09,232.04,232.04,228.97,230.23,229.590280853,120234,0.0000,1.0
2022-08-08,234.25,234.25,231.64,232.35,231.704390202,169682,0.0000,1.0
2022-08-05,229.0,231.65,228.24,231.55,230.906613089,122200,0.0000,1.0
2022-08-04,229.86,231.96,228.96,230.92,230.278363613,149306,0.0000,1.0
2022-08-03,228.6,231.04,226.235,230.2,229.560364212,188890,0.0000,1.0
2022-08-02,229.15,230.17,226.15,227.59,226.957616381,156808,0.0000,1.0
2022-08-01,229.32,231.04,227.9668,230.5,229.859530629,141675,0.0000,1.0
2022-07-29,226.83,231.98,225.1643,230.99,230.34816911,202963,0.0000,1.0
2022-07-28,222.4,226.25,221.561,225.91,225.282284444,170905,0.0000,1.0
2022-07-27,218.02,222.5,217.66,221.78,221.163760099,171948,0.0000,1.0
2022-07-26,216.63,217.93,214.9901,217.32,216.716152695,209022,0.0000,1.0
2022-07-25,219.54,219.83,216.14,217.71,217.105069038,203310,0.0000,1.0
2022-07-22,220.2,221.83,218.9,219.67,219.059622964,177800,0.0000,1.0
2022-07-21,218.71,220.32,216.61,220.14,219.528317018,222611,0.0000,1.0
2022-07-20,214.94,216.87,213.6275,216.61,216.008125508,160511,0.0000,1.0
2022-07-19,209.4,214.89,208.54,214.67,214.073516009,191641,0.0000,1.0
2022-07-18,207.87,210.0,206.38,207.01,206.434800154,261017,0.0000,1.0
2022-07-15,205.55,208.4664,204.57,207.67,207.092966272,171493,0.0000,1.0
2022-07-14,202.07,203.07,199.32,202.67,202.106859317,193039,0.0000,1.0
2022-07-13,202.97,205.91,201.74,204.57,204.00157996,207338,0.0000,1.0
2022-07-12,207.67,208.97,204.0266,205.25,204.679690506,174150,0.0000,1.0
2022-07-11,206.51,208.19,205.2884,206.99,206.414855726,169663,0.0000,1.0
2022-07-08,210.44,210.44,204.98,207.43,206.853633138,183784,0.0000,1.0
2022-07-07,205.39,210.64,205.39,210.54,209.954991664,243473,0.0000,1.0
2022-07-06,201.69,205.71,199.71,204.16,203.59271919,199330,0.0000,1.0
2022-07-05,199.68,204.98,195.28,200.85,200.291916385,261519,0.0000,1.0
2022-07-01,201.54,209.9,200.035,202.64,202.076942675,294379,0.0000,1.0
2022-06-30,199.66,203.735,198.48,202.44,201.877498397,287700,0.0000,1.0
2022-06-29,203.67,203.67,200.09,201.93,201.368915488,227407,0.0000,1.0
2022-06-28,205.55,209.19,201.995,202.85,202.286359167,280279,0.0000,1.0
2022-06-27,205.0,206.005,203.26,204.35,203.782191254,205396,0.0000,1.0
2022-06-24,201.2,204.97,200.89,204.94,204.370551874,380637,0.0000,1.0
2022-06-23,198.87,199.37,197.27,199.2,198.64650109,179931,0.0000,1.0
2022-06-22,195.9,198.25,195.24,197.51,196.961196939,242200,0.0000,1.0
2022-06-21,197.27,199.22,194.89,197.99,197.439863207,242799,0.0000,1.0
2022-06-17,195.71,199.345,195.16,195.36,194.817170949,637624,0.0000,1.0
2022-06-16,199.85,200.4,195.09,196.46,195.914114479,348315,0.0000,1.0
2022-06-15,202.82,204.545,199.93,201.69,201.129582354,209776,0.0000,1.0
2022-06-14,202.46,203.6615,199.56,200.82,200.261999744,158155,0.0000,1.0
2022-06-13,202.39,204.56,200.21,202.32,201.75783183,193969,0.0000,1.0
2022-06-10,210.8,211.81,207.35,207.64,207.06304963,153772,0.0000,1.0
2022-06-09,218.04,219.48,214.03,214.35,213.754405164,169293,0.0000,1.0
2022-06-08,220.22,222.2,218.92,219.16,218.551040055,139092,0.0000,1.0
2022-06-07,219.8,222.28,218.04,222.06,221.442982089,119146,0.0000,1.0
2022-06-06,222.65,223.14,220.48,221.26,220.645204976,117767,0.0000,1.0
2022-06-03,220.68,221.94,218.16,220.38,219.767650152,174628,0.0000,1.0
2022-06-02,216.66,222.4,213.95,222.19,221.572620869,165484,0.0000,1.0
2022-06-01,219.24,223.49,213.37,215.35,214.751626555,179274,0.0000,1.0
2022-05-31,218.07,220.01,215.0,217.88,217.274596674,474016,0.0000,1.0
2022-05-27,216.47,219.83,216.33,219.83,219.219178387,283868,0.0000,1.0
2022-05-26,215.0,217.33,214.53,215.48,214.881265336,233375,0.0000,1.0
2022-05-25,208.88,213.9,208.88,213.36,212.767155987,357115,0.0000,1.0
2022-05-24,214.77,217.89,208.075,210.86,210.274102509,329207,0.0000,1.0
2022-05-23,206.78,207.55,204.43,205.9,205.32788441,327647,0.5100,1.0
2022-05-20,207.73,207.73,201.5092,205.24,204.164018198,323407,0.0000,1.0
2022-05-19,204.17,208.6462,203.005,205.89,204.810610538,207501,0.0000,1.0
2022-05-18,213.44,215.07,205.37,205.82,204.740977517,228714,0.0000,1.0
2022-05-17,213.29,216.2,211.69,215.68,214.549285933,160848,0.0000,1.0
2022-05-16,210.96,211.42,207.35,210.68,209.575498704,176258,0.0000,1.0
2022-05-13,211.11,213.915,209.4,211.97,210.858735809,190110,0.0000,1.0
2022-05-12,207.46,211.09,206.8,209.83,208.729954875,294910,0.0000,1.0
2022-05-11,207.23,212.6,205.72,207.92,206.829968153,211176,0.0000,1.0
2022-05-10,211.43,211.82,204.86,208.44,207.347242025,261143,0.0000,1.0
2022-05-09,208.57,211.49,207.39,208.73,207.635721684,281540,0.0000,1.0
2022-05-06,211.9,213.64,206.84,209.82,208.7200073,210760,0.0000,1.0
2022-05-05,220.43,222.71,211.99,213.39,212.271291382,246799,0.0000,1.0
2022-05-04,216.31,227.13,215.33,222.46,221.293741417,288460,0.0000,1.0
2022-05-03,218.62,219.17,215.49,216.54,215.404777337,210601,0.0000,1.0
2022-05-02,216.06,220.03,213.66,217.55,216.409482357,213458,0.0000,1.0
2022-04-29,218.91,221.79,215.29,215.69,214.559233508,279275,0.0000,1.0
2022-04-28,217.33,220.79,215.81,220.64,219.483282865,207979,0.0000,1.0
2022-04-27,214.37,218.46,214.37,216.34,215.205825848,229431,0.0000,1.0
2022-04-26,220.57,220.6942,214.28,214.37,213.246153679,179278,0.0000,1.0
2022-04-25,220.38,221.36,215.485,220.82,219.662339205,181469,0.0000,1.0
2022-04-22,223.03,226.22,219.89,220.38,219.224645929,140332,0.0000,1.0
2022-04-21,227.82,229.7023,223.34,224.13,222.954986351,153745,0.0000,1.0
2022-04-20,224.35,227.67,223.855,226.52,225.332456647,188819,0.0000,1.0
2022-04-19,216.85,223.41,216.85,223.14,221.97017648,139755,0.0000,1.0
2022-04-18,214.39,216.88,213.66,216.71,215.573886103,155384,0.0000,1.0
2022-04-14,219.52,220.83,214.46,214.74,213.614213934,151691,0.0000,1.0
2022-04-13,217.21,220.235,217.21,218.89,217.742457335,225591,0.0000,1.0
2022-04-12,223.49,225.19,216.855,217.65,216.508958102,212729,0.0000,1.0
2022-04-11,223.38,225.11,221.47,221.93,220.76651997,213332,0.0000,1.0
2022-04-08,224.45,227.09,223.18,224.42,223.243466011,146048,0.0000,1.0
2022-04-07,222.37,226.07,221.57,224.69,223.512050521,158399,0.0000,1.0
2022-04-06,221.08,223.97,220.04,223.7,222.52724065,194468,0.0000,1.0
2022-04-05,225.89,228.18,222.72,223.04,221.870700735,119623,0.0000,1.0
2022-04-04,226.55,228.75,226.16,227.18,225.988996561,192408,0.0000,1.0
2022-04-01,228.71,228.835,225.39,227.93,226.735064646,210062,0.0000,1.0
2022-03-31,229.41,230.81,226.91,227.08,225.889520817,252176,0.0000,1.0
2022-03-30,232.22,232.57,229.02,229.91,228.704684389,118344,0.0000,1.0
2022-03-29,230.95,234.765,227.665,232.62,231.400477067,172346,0.0000,1.0
2022-03-28,227.22,228.68,226.49,228.55,227.351814262,201436,0.0000,1.0
2022-03-25,228.37,228.6254,225.73,227.4,226.207843199,158695,0.0000,1.0
2022-03-24,229.5,230.48,225.25,227.09,225.899468391,141917,0.0000,1.0
2022-03-23,229.39,229.45,226.695,228.95,227.749717241,248090,0.0000,1.0
2022-03-22,230.38,231.94,228.74,230.38,229.172220388,179093,0.0000,1.0
2022-03-21,229.9,231.27,227.55,229.48,228.276938687,211207,0.0000,1.0
2022-03-18,226.67,231.48,224.88,230.97,229.759127281,415463,0.0000,1.0
2022-03-17,221.24,227.45,220.6,226.56,225.372246945,221815,0.0000,1.0
2022-03-16,221.46,225.0716,219.21,222.86,221.691644395,189706,0.0000,1.0
2022-03-15,217.23,219.87,215.84,219.14,217.991146696,152478,0.0000,1.0
2022-03-14,216.8,218.65,213.61,214.56,213.435157594,192662,0.0000,1.0
2022-03-11,217.34,219.165,215.04,215.05,213.922588743,191222,0.0000,1.0
2022-03-10,217.98,219.44,214.75,215.06,213.932536317,276316,0.0000,1.0
2022-03-09,221.2,226.6792,220.79,222.45,221.283793842,229049,0.0000,1.0
2022-03-08,218.96,222.05,215.07,215.26,214.131487806,300344,0.0000,1.0
2022-03-07,226.01,226.01,217.2,217.64,216.499010527,283274,0.0000,1.0
2022-03-04,226.86,227.88,224.755,226.45,225.262823626,290092,0.0000,1.0
2022-03-03,228.97,230.96,226.48,228.86,227.66018907,222804,0.0000,1.0
2022-03-02,223.87,229.65,223.87,227.07,225.879573242,262324,0.0000,1.0
2022-03-01,225.99,227.51,220.18,223.24,222.069652224,300326,0.0000,1.0
2022-02-28,224.86,227.3574,223.65,226.49,225.302613924,263652,0.0000,1.0
2022-02-25,222.48,227.665,221.16,227.49,226.29737137,280500,0.0000,1.0
2022-02-24,217.76,221.98,215.43,221.66,220.49793546,384082,0.0000,1.0
2022-02-23,216.65,229.09,216.65,221.55,220.388512141,491319,0.0000,1.0
2022-02-22,228.2,230.982,224.94,227.38,226.187948051,369411,0.0000,1.0
2022-02-18,229.07,230.55,228.01,229.51,228.30678141,310367,0.5100,1.0
2022-02-17,232.94,233.84,228.77,228.88,227.175272277,252968,0.0000,1.0
2022-02-16,228.69,235.43,228.69,235.14,233.388646991,478120,0.0000,1.0
2022-02-15,225.46,232.01,224.88,229.93,228.217451742,694066,0.0000,1.0
2022-02-14,218.64,222.21,217.085,222.11,220.455696109,12875465,0.0000,1.0
2022-02-11,228.98,228.98,214.905,217.71,216.088467876,1432735,0.0000,1.0
2022-02-10,233.41,236.9,229.465,231.0,229.279482244,210248,0.0000,1.0
2022-02-09,235.49,236.68,234.42,236.27,234.510230605,107413,0.0000,1.0
2022-02-08,229.82,233.64,228.8,232.94,231.205032874,231247,0.0000,1.0
2022-02-07,230.57,232.4,228.18,229.49,227.780728919,119448,0.0000,1.0
2022-02-04,231.04,232.8299,227.09,230.69,228.971791164,120296,0.0000,1.0
2022-02-03,235.0,237.615,231.095,231.94,230.212481003,116776,0.0000,1.0
2022-02-02,235.0,237.315,233.98,236.49,234.728592017,210715,0.0000,1.0
2022-02-01,232.4,234.73,230.74,234.42,232.674009644,170422,0.0000,1.0
2022-01-31,227.39,233.52,223.935,232.54,230.808012126,288680,0.0000,1.0
2022-01-28,223.93,227.95,221.4505,227.77,226.0735397,222697,0.0000,1.0
2022-01-27,227.71,230.2,222.72,223.88,222.212512921,145287,0.0000,1.0
2022-01-26,230.91,234.93,225.03,225.9,224.217467701,155151,0.0000,1.0
2022-01-25,231.11,231.72,225.41,228.33,226.629368748,282173,0.0000,1.0
2022-01-24,228.25,234.7125,224.5,234.63,232.882445537,203314,0.0000,1.0
2022-01-21,232.65,240.045,230.995,231.44,229.716205067,161967,0.0000,1.0
2022-01-20,237.5,239.52,232.95,233.21,231.473021879,210236,0.0000,1.0
2022-01-19,235.46,238.75,233.31,236.94,235.175240359,182907,0.0000,1.0
2022-01-18,234.1612,238.15,233.51,234.32,232.574754456,125535,0.0000,1.0
2022-01-14,238.31,238.7,234.34,238.41,236.63429161,139824,0.0000,1.0
2022-01-13,242.76,245.51,238.19,239.0,237.219897214,139574,0.0000,1.0
2022-01-12,240.53,243.27,240.52,242.55,240.743456356,176376,0.0000,1.0
2022-01-11,238.17,240.31,235.055,240.13,238.341480828,173402,0.0000,1.0
2022-01-10,237.6,238.46,233.11,238.33,236.55488746,195001,0.0000,1.0
2022-01-07,240.42,241.43,237.435,238.09,236.316675011,220644,0.0000,1.0
2022-01-06,242.42,244.75,240.25,240.42,238.629320871,223113,0.0000,1.0
2022-01-05,250.69,250.69,242.67,242.92,241.110700549,188451,0.0000,1.0
2022-01-04,251.84,253.22,249.545,250.14,248.276925059,196175,0.0000,1.0
2022-01-03,255.1,256.135,248.59,251.03,249.160296224,175537,0.0000,1.0
2021-12-31,254.12,257.22,254.12,255.27,253.368716158,97377,0.0000,1.0
2021-12-30,256.81,258.36,254.5,254.76,252.862514703,91055,0.0000,1.0
2021-12-29,257.11,258.765,253.58,256.81,254.897246039,108921,0.0000,1.0
2021-12-28,257.24,258.68,255.825,256.59,254.678884628,100488,0.0000,1.0
2021-12-27,253.62,257.63,253.1101,256.62,254.708661184,112371,0.0000,1.0
2021-12-23,251.29,255.28,251.29,253.66,251.770707645,136137,0.0000,1.0
2021-12-22,249.83,253.55,248.51,249.87,248.008936053,265191,0.0000,1.0
2021-12-21,247.99,251.58,245.84,250.86,248.991562406,209498,0.0000,1.0
2021-12-20,245.32,248.42,241.06,245.54,243.711186451,217557,0.5100,1.0
2021-12-17,248.36,257.29,246.05,248.43,246.068563504,604493,0.0000,1.0
2021-12-16,262.0,263.5,247.03,248.85,246.484571219,471108,0.0000,1.0
2021-12-15,265.11,269.17,264.14,269.12,266.561895947,301763,0.0000,1.0
2021-12-14,266.88,269.925,261.54,264.56,262.045240754,288207,0.0000,1.0
2021-12-13,271.49,271.9,266.85,267.91,265.363397529,227726,0.0000,1.0
2021-12-10,266.79,271.19,266.79,270.67,268.097162515,145027,0.0000,1.0
2021-12-09,267.3,268.0,263.94,266.23,263.699366669,183299,0.0000,1.0
2021-12-08,265.94,267.8979,264.37,266.74,264.204518894,263642,0.0000,1.0
2021-12-07,267.66,269.75,264.73,264.85,262.332484176,197299,0.0000,1.0
2021-12-06,261.5,264.93,261.5,264.11,261.599518202,255327,0.0000,1.0
2021-12-03,263.03,263.03,258.595,260.1,257.627635017,150387,0.0000,1.0
2021-12-02,251.46,262.14,251.38,261.73,259.24214115,179996,0.0000,1.0
2021-12-01,256.11,264.26,251.36,251.6,249.208431258,176396,0.0000,1.0
2021-11-30,263.63,263.7,253.67,254.19,251.773812168,251993,0.0000,1.0
2021-11-29,261.47,263.03,259.35,262.15,259.658148865,142885,0.0000,1.0
2021-11-26,264.47,266.785,257.28,258.22,255.765505245,89523,0.0000,1.0
2021-11-24,267.4,269.02,264.1913,269.02,266.462846491,73413,0.0000,1.0
2021-11-23,267.74,270.0,265.66,267.99,265.442637094,82860,0.0000,1.0
2021-11-22,268.45,270.5514,266.39,267.51,264.967199706,113059,0.0000,1.0
2021-11-19,268.8,268.84,266.5,266.96,264.422427698,99685,0.0000,1.0
2021-11-18,269.75,272.2805,268.1183,268.53,265.977504157,65917,0.0000,1.0
2021-11-17,268.51,269.47,265.13,269.33,266.769899804,89625,0.0000,1.0
2021-11-16,266.3,268.8,263.18,267.8,265.254443128,169460,0.0000,1.0
2021-11-15,267.0,267.0,263.99,265.52,262.996115531,96396,0.0000,1.0
2021-11-12,265.12,267.8,263.49,267.45,264.907770032,113286,0.0000,1.0
2021-11-11,263.97,265.91,262.01,264.99,262.471153415,95162,0.0000,1.0
2021-11-10,262.07,264.72,260.79,263.77,261.262750052,91745,0.0000,1.0
2021-11-09,261.61,263.51,248.8095,262.95,260.450544513,92674,0.0000,1.0
2021-11-08,262.48,265.4699,260.06,262.08,259.588814246,120471,0.0000,1.0
2021-11-05,264.25,269.87,260.005,261.28,258.796418598,142735,0.0000,1.0
2021-11-04,259.94,264.24,259.94,262.72,260.222730764,123262,0.0000,1.0
2021-11-03,259.86,264.735,257.14,259.71,257.241342139,115114,0.0000,1.0
2021-11-02,259.88,262.48,256.51,259.47,257.003623444,163660,0.0000,1.0
2021-11-01,254.9,259.53,253.57,258.74,256.280562416,183153,0.0000,1.0
2021-10-29,250.54,254.71,250.54,254.21,251.79362206,203354,0.0000,1.0
2021-10-28,249.89,252.96,249.0,251.05,248.66365925,102808,0.0000,1.0
2021-10-27,251.36,252.46,249.03,249.23,246.860959151,93392,0.0000,1.0
2021-10-26,256.13,256.13,251.16,251.17,248.782518598,132684,0.0000,1.0
2021-10-25,254.65,257.83,245.1942,256.13,253.695371614,156038,0.0000,1.0
2021-10-22,251.47,255.98,251.35,254.03,251.615333039,205687,0.0000,1.0
2021-10-21,245.48,251.355,244.66,251.33,248.940997727,160099,0.0000,1.0
2021-10-20,247.07,249.8,245.98,246.16,243.820140853,102080,0.0000,1.0
2021-10-19,246.03,247.9,244.0985,247.89,245.533696441,96329,0.0000,1.0
2021-10-18,243.81,245.85,243.81,244.48,242.156109992,108504,0.0000,1.0
2021-10-15,244.41,247.38,243.89,244.72,242.393828687,138137,0.0000,1.0
2021-10-14,240.58,244.13,240.36,243.7,241.383524236,145723,0.0000,1.0
2021-10-13,237.23,238.82,235.3,238.51,236.24285747,168702,0.0000,1.0
2021-10-12,238.75,239.5276,236.62,236.96,234.707590902,91984,0.0000,1.0
2021-10-11,237.33,240.41,237.33,237.93,235.668370625,232423,0.0000,1.0
2021-10-08,241.02,241.03,236.11,237.98,235.717895353,198697,0.0000,1.0
2021-10-07,240.27,242.83,239.59,241.05,238.758713652,156466,0.0000,1.0
2021-10-06,239.05,239.985,234.09,238.52,236.252762415,135271,0.0000,1.0
2021-10-05,240.77,242.99,239.3413,241.4,239.105386748,214675,0.0000,1.0
2021-10-04,240.5,243.405,239.28,240.59,238.303086154,230179,0.0000,1.0
2021-10-01,239.11,241.635,235.27,239.5,237.223447084,140721,0.0000,1.0
2021-09-30,244.06,244.89,237.98,238.15,235.886279428,213100,0.0000,1.0
2021-09-29,242.77,244.21,241.81,242.91,240.601033533,140366,0.0000,1.0
2021-09-28,244.08,245.45,240.7,241.94,239.64025381,132680,0.0000,1.0
2021-09-27,243.72,245.71,243.1,244.81,242.482973197,153780,0.0000,1.0
2021-09-24,244.06,245.19,243.325,243.89,241.571718202,99850,0.0000,1.0
2021-09-23,242.04,245.2246,242.04,244.53,242.20563472,115293,0.0000,1.0
2021-09-22,242.42,243.42,241.46,241.57,239.273770823,142080,0.0000,1.0
2021-09-21,241.36,241.36,238.295,240.72,238.431850447,181420,0.0000,1.0
2021-09-20,238.64,241.96,237.8,240.73,238.441755393,155323,0.0000,1.0
2021-09-17,242.84,243.21,239.34,241.84,239.541204354,511737,0.0000,1.0
2021-09-16,244.32,244.76,241.8925,243.38,241.066565976,144279,0.0000,1.0
2021-09-15,242.12,244.93,241.45,243.68,241.363714344,189147,0.0000,1.0
2021-09-14,240.78,243.2125,239.4079,242.05,239.749208212,213001,0.0000,1.0
2021-09-13,242.89,243.98,239.115,240.09,237.807838874,148739,0.0000,1.0
2021-09-10,244.16,245.402,240.8,241.09,238.798333434,146190,0.0000,1.0
2021-09-09,244.88,245.905,241.57,243.11,240.799132445,174830,0.0000,1.0
2021-09-08,243.25,245.43,242.88,244.93,242.601832544,214742,0.0000,1.0
2021-09-07,241.67,245.02,239.455,243.27,240.957611575,257278,0.0000,1.0
2021-09-03,241.87,244.63,240.6475,241.45,239.154911476,209672,0.0000,1.0
2021-09-02,241.61,245.61,240.81,242.59,240.284075274,285131,0.0000,1.0
2021-09-01,239.67,242.53,235.6,240.94,238.64975925,265684,0.0000,1.0
2021-08-31,241.95,243.85,236.6,238.6,236.33200198,413348,0.0000,1.0
2021-08-30,233.27,239.32,233.05,238.82,236.549910783,335655,0.0000,1.0
2021-08-27,233.48,235.78,232.6401,233.54,231.320099507,159324,0.0000,1.0
2021-08-26,233.01,234.99,231.65,232.5,230.289985165,131067,0.0000,1.0
2021-08-25,234.2,235.04,232.29,233.53,231.310194562,163614,0.0000,1.0
2021-08-24,230.89,234.47,230.89,233.36,231.141810487,138774,0.0000,1.0
2021-08-23,231.07,232.66,230.07,231.02,228.824053217,139947,0.5100,1.0
2021-08-20,226.64,230.58,225.63,230.26,227.568896012,125913,0.0000,1.0
2021-08-19,225.95,228.5,225.77,226.14,223.497047443,112146,0.0000,1.0
2021-08-18,228.15,229.7,226.65,227.07,224.416178309,82853,0.0000,1.0
2021-08-17,227.84,229.16,226.13,228.88,226.205024404,101555,0.0000,1.0
2021-08-16,227.94,229.81,225.79,229.55,226.867193953,95691,0.0000,1.0
2021-08-13,226.95,229.12,225.7001,228.59,225.918413704,159494,0.0000,1.0
2021-08-12,223.84,227.425,222.07,226.56,223.912138802,148170,0.0000,1.0
2021-08-11,223.21,224.5794,222.15,223.37,220.759421099,112856,0.0000,1.0
2021-08-10,223.08,224.38,221.0,221.63,219.039756897,159215,0.0000,1.0
2021-08-09,224.18,224.18,220.74,222.15,219.553679532,129780,0.0000,1.0
2021-08-06,225.82,227.35,224.3,224.92,222.291305876,84907,0.0000,1.0
2021-08-05,226.78,227.5,224.6,225.5,222.864527277,136721,0.0000,1.0
2021-08-04,227.9,228.7041,226.32,226.51,223.862723164,106489,0.0000,1.0
2021-08-03,227.6,229.275,226.75,228.16,225.493439217,137246,0.0000,1.0
2021-08-02,227.05,229.795,226.48,227.04,224.386528926,128504,0.0000,1.0
2021-07-30,223.98,226.85,223.98,226.13,223.487164315,213631,0.0000,1.0
2021-07-29,223.9,226.995,223.17,225.04,222.409903407,106316,0.0000,1.0
2021-07-28,221.78,223.923,220.4,222.7,220.09725155,94091,0.0000,1.0
2021-07-27,224.3,224.3,221.0,221.4,218.812444962,117972,0.0000,1.0
2021-07-26,224.99,225.0,222.5196,224.3,221.678551965,145140,0.0000,1.0
2021-07-23,223.85,225.0,222.23,224.99,222.360487769,75091,0.0000,1.0
2021-07-22,224.32,224.97,221.93,222.68,220.077485295,106476,0.0000,1.0
2021-07-21,224.99,226.755,223.69,224.52,221.895980772,113371,0.0000,1.0
2021-07-20,219.26,225.44,219.26,223.92,221.302993116,229301,0.0000,1.0
2021-07-19,219.33,219.98,216.81,218.5,215.94633796,135211,0.0000,1.0
2021-07-16,223.15,224.16,221.71,221.87,219.276951959,175827,0.0000,1.0
2021-07-15,219.99,223.365,219.99,222.25,219.652510808,128689,0.0000,1.0
2021-07-14,220.43,222.95,219.96,220.81,218.229340434,162306,0.0000,1.0
2021-07-13,220.58,221.88,219.8,219.99,217.418923971,134858,0.0000,1.0
2021-07-12,220.51,222.03,219.4,221.29,218.703730559,160764,0.0000,1.0
2021-07-09,218.35,221.49,217.38,221.3,218.713613686,189314,0.0000,1.0
2021-07-08,217.83,219.32,215.22,216.38,213.85111491,319621,0.0000,1.0
2021-07-07,217.62,221.495,215.4922,221.07,218.486301752,297029,0.0000,1.0
2021-07-06,221.42,221.42,217.54,218.13,215.580662239,226446,0.0000,1.0
2021-07-02,218.69,220.68,217.585,220.2,217.626469651,120690,0.0000,1.0
2021-07-01,219.89,221.65,218.14,218.41,215.857389811,215899,0.0000,1.0
2021-06-30,219.6,220.47,218.74,219.51,216.944533847,205398,0.0000,1.0
2021-06-29,219.39,221.53,218.74,219.6,217.033481995,197053,0.0000,1.0
2021-06-28,221.63,222.34,218.01,218.69,216.134117384,243603,0.0000,1.0
2021-06-25,218.99,223.12,218.185,220.67,218.090976648,1381457,0.0000,1.0
2021-06-24,218.85,220.155,217.47,218.1,215.551012856,333588,0.0000,1.0
2021-06-23,218.9,220.4,217.56,217.9,215.353350304,150936,0.0000,1.0
2021-06-22,219.29,220.12,218.03,219.02,216.460260595,126231,0.0000,1.0
2021-06-21,217.31,220.68,216.34,219.56,216.993949485,151187,0.0000,1.0
2021-06-18,214.78,217.1,212.52,215.26,212.744204619,417719,0.0000,1.0
2021-06-17,219.75,219.75,216.39,217.77,215.224869645,145816,0.0000,1.0
2021-06-16,223.02,223.295,219.05,219.43,216.865468826,184626,0.0000,1.0
2021-06-15,222.42,223.61,220.32,223.02,220.413511633,122483,0.0000,1.0
2021-06-14,221.85,222.91,220.94,221.29,218.703730559,161760,0.0000,1.0
2021-06-11,223.72,223.86,221.11,222.4,219.800757722,125269,0.0000,1.0
2021-06-10,224.32,224.32,221.64,223.17,220.561758547,143500,0.0000,1.0
2021-06-09,222.13,222.51,220.7425,222.1,219.504263894,202881,0.0000,1.0
2021-06-08,222.0,223.78,221.01,222.32,219.721692701,159218,0.0000,1.0
2021-06-07,224.37,224.71,221.65,222.56,219.958887764,279206,0.0000,1.0
2021-06-04,221.88,224.88,220.27,224.16,221.540188179,197461,0.0000,1.0
2021-06-03,220.73,222.79,219.35,220.51,217.932846606,243967,0.0000,1.0
2021-06-02,222.75,223.66,218.2934,221.53,218.940925621,165959,0.0000,1.0
2021-06-01,223.54,224.84,221.18,221.67,219.079289408,188864,0.0000,1.0
2021-05-28,223.29,223.29,218.85,221.69,219.099055663,221400,0.0000,1.0
2021-05-27,215.33,223.49,214.345,223.43,220.818719864,624166,0.0000,1.0
2021-05-26,216.29,217.24,211.68,215.8,213.277893509,479001,0.0000,1.0
2021-05-25,219.0,220.48,213.0,216.83,214.295855651,567279,0.0000,1.0
2021-05-24,201.81,203.84,200.085,202.47,200.103684424,274932,0.3900,1.0
2021-05-21,200.26,202.76,199.51,201.83,199.087679323,369654,0.0000,1.0
2021-05-20,198.98,200.78,198.28,199.45,196.740017048,218091,0.0000,1.0
2021-05-19,199.23,199.45,197.2,198.98,196.27640307,122009,0.0000,1.0
2021-05-18,203.18,204.31,200.54,200.69,197.963168821,132514,0.0000,1.0
2021-05-17,205.97,206.98,201.945,203.99,201.218330798,112463,0.0000,1.0
2021-05-14,206.23,207.5,204.71,205.87,203.072786712,134107,0.0000,1.0
2021-05-13,200.61,206.88,200.61,205.43,202.638765115,215187,0.0000,1.0
2021-05-12,208.02,208.02,199.85,200.03,197.312136426,145819,0.0000,1.0
2021-05-11,207.22,208.73,205.5087,207.42,204.601726429,173265,0.0000,1.0
2021-05-10,209.67,211.68,208.14,208.68,205.844606456,107999,0.0000,1.0
2021-05-07,206.6,210.68,206.6,208.83,205.992568364,125927,0.0000,1.0
2021-05-06,209.51,210.52,207.87,208.58,205.745965184,260373,0.0000,1.0
2021-05-05,211.56,211.97,207.51,208.5,205.667052166,188234,0.0000,1.0
2021-05-04,208.73,212.02,208.05,211.3,208.429007783,156585,0.0000,1.0
2021-05-03,212.73,213.37,208.151,208.61,205.775557566,216729,0.0000,1.0
2021-04-30,213.85,213.85,210.24,211.41,208.537513182,209172,0.0000,1.0
2021-04-29,213.31,223.37,212.86,214.9,211.980093576,279073,0.0000,1.0
2021-04-28,213.91,215.0,212.85,213.61,210.707621167,88525,0.0000,1.0
2021-04-27,214.0,214.92,212.4001,214.1,211.1909634,138085,0.0000,1.0
2021-04-26,214.98,217.95,213.47,213.63,210.727349421,318963,0.0000,1.0
2021-04-23,212.22,215.0,211.12,213.93,211.023273237,217301,0.0000,1.0
2021-04-22,208.99,213.14,208.7,210.79,207.925937296,173300,0.0000,1.0
2021-04-21,207.2,210.8,206.37,209.52,206.673193141,169531,0.0000,1.0
2021-04-20,206.12,208.04,204.7475,206.2,203.39830291,143754,0.0000,1.0
2021-04-19,205.87,207.12,205.01,205.93,203.131971475,151339,0.0000,1.0
2021-04-16,205.9,206.97,204.9,206.22,203.418031164,127310,0.0000,1.0
2021-04-15,203.7,205.285,201.5,204.59,201.81017843,128973,0.0000,1.0
2021-04-14,201.17,203.97,201.17,203.47,200.705396184,123629,0.0000,1.0
2021-04-13,203.48,203.82,201.14,201.91,199.16659234,112900,0.0000,1.0
2021-04-12,203.14,204.56,202.92,203.58,200.813901583,93726,0.0000,1.0
2021-04-09,201.26,204.035,200.1357,203.12,200.360151732,107065,0.0000,1.0
2021-04-08,201.98,203.89,198.56,201.03,198.298549146,174964,0.0000,1.0
2021-04-07,203.79,203.79,199.76,201.67,198.929853287,151374,0.0000,1.0
2021-04-06,202.57,204.49,200.23,202.99,200.231918078,200253,0.0000,1.0
2021-04-05,203.06,204.8,201.93,202.52,199.768304099,140658,0.0000,1.0
2021-04-01,199.54,203.61,198.07,202.38,199.630206319,162404,0.0000,1.0
2021-03-31,202.83,204.56,198.295,198.68,195.980479254,259639,0.0000,1.0
2021-03-30,203.54,204.03,201.1671,204.03,201.257787307,176261,0.0000,1.0
2021-03-29,202.69,207.62,202.1,202.96,200.202325696,276964,0.0000,1.0
2021-03-26,202.16,203.955,198.955,203.59,200.82376571,221828,0.0000,1.0
2021-03-25,199.52,202.05,197.32,201.32,198.584608835,158396,0.0000,1.0
2021-03-24,199.63,202.2873,199.025,199.71,196.996484356,225644,0.0000,1.0
2021-03-23,200.24,200.945,197.01,198.13,195.437952258,201734,0.0000,1.0
2021-03-22,201.75,203.13,197.7,201.71,198.969309796,257862,0.0000,1.0
2021-03-19,204.63,205.37,201.15,202.16,199.41319552,567867,0.0000,1.0
2021-03-18,205.76,207.9176,203.91,205.24,202.451346698,160888,0.0000,1.0
2021-03-17,204.71,208.74,202.815,205.73,202.934688931,187837,0.0000,1.0
2021-03-16,207.0,207.0,202.6,206.15,203.348982274,247094,0.0000,1.0
2021-03-15,202.18,208.21,200.32,207.24,204.424172139,230267,0.0000,1.0
2021-03-12,200.93,202.98,199.45,201.71,198.969309796,195869,0.0000,1.0
2021-03-11,201.22,202.7,200.02,200.87,198.140723111,148559,0.0000,1.0
2021-03-10,198.36,202.11,197.02,201.72,198.979173923,213063,0.0000,1.0
2021-03-09,197.39,198.3,195.94,197.2,194.520588428,391042,0.0000,1.0
2021-03-08,196.47,200.3099,195.0,196.53,193.859691905,222261,0.0000,1.0
2021-03-05,193.65,196.49,190.43,196.0,193.336893164,198974,0.0000,1.0
2021-03-04,194.19,196.05,189.74,191.47,188.868443541,333432,0.0000,1.0
2021-03-03,192.76,197.64,191.86,194.6,191.955915355,231625,0.0000,1.0
2021-03-02,193.89,195.435,190.27,192.96,190.338198494,225242,0.0000,1.0
2021-03-01,195.05,196.59,193.25,193.78,191.147056925,264712,0.0000,1.0
2021-02-26,194.09,196.37,191.68,192.41,189.795671498,385018,0.0000,1.0
2021-02-25,196.31,196.31,191.6181,193.2,190.574937547,293488,0.0000,1.0
2021-02-24,188.1,197.1804,187.62,196.74,194.066838577,440289,0.0000,1.0
2021-02-23,187.75,191.0,185.3,187.82,185.268037112,587713,0.0000,1.0
2021-02-22,186.19,187.5814,183.53,184.38,181.874777355,413489,0.3900,1.0
2021-02-19,187.09,190.44,186.965,187.88,184.936045729,327205,0.0000,1.0
2021-02-18,183.32,186.77,182.52,185.67,182.760674955,168048,0.0000,1.0
2021-02-17,185.46,186.75,183.34,183.76,180.880603381,136860,0.0000,1.0
2021-02-16,189.81,189.91,185.84,186.24,183.321743435,223391,0.0000,1.0
2021-02-12,188.43,188.98,187.3059,188.27,185.319934689,122983,0.0000,1.0
2021-02-11,189.62,191.5,187.005,189.14,186.17630237,373333,0.0000,1.0
2021-02-10,188.68,190.22,186.99,189.93,186.953923597,149282,0.0000,1.0
2021-02-09,190.35,190.35,187.2693,188.34,185.388837836,167304,0.0000,1.0
2021-02-08,189.79,192.06,189.3,190.0,187.022826743,360828,0.0000,1.0
2021-02-05,187.67,189.84,185.33,188.07,185.123068556,225268,0.0000,1.0
2021-02-04,184.02,186.96,184.02,186.02,183.105190688,351654,0.0000,1.0
2021-02-03,182.86,185.095,182.2624,183.74,180.860916768,321043,0.0000,1.0
2021-02-02,183.3,184.02,182.68,183.59,180.713267167,192005,0.0000,1.0
2021-02-01,180.22,183.01,179.61,182.58,179.719093194,266459,0.0000,1.0
2021-01-29,183.72,186.49,178.605,178.99,176.185346099,414358,0.0000,1.0
2021-01-28,186.13,187.1586,184.13,184.34,181.451515168,221664,0.0000,1.0
2021-01-27,184.88,186.345,179.89,183.59,180.713267167,347550,0.0000,1.0
2021-01-26,189.89,191.295,186.01,187.49,184.552156769,291010,0.0000,1.0
2021-01-25,191.02,192.79,186.44,188.12,185.172285089,402553,0.0000,1.0
2021-01-22,191.67,192.53,189.755,191.99,188.981644771,286463,0.0000,1.0
2021-01-21,194.4,194.86,191.51,192.1,189.089921144,287550,0.0000,1.0
2021-01-20,190.14,194.37,189.53,193.87,190.832186425,563654,0.0000,1.0
2021-01-19,195.51,195.9,188.83,189.5,186.53066141,941296,0.0000,1.0
2021-01-15,200.61,203.6875,192.25,193.25,190.221901411,357334,0.0000,1.0
2021-01-14,204.6,205.02,200.29,202.03,198.864324668,152500,0.0000,1.0
2021-01-13,206.27,208.83,203.48,203.61,200.419567122,280732,0.0000,1.0
2021-01-12,202.341,207.755,202.341,207.34,204.09112051,165609,0.0000,1.0
2021-01-11,201.23,205.01,200.72,204.23,201.029852136,226509,0.0000,1.0
2021-01-08,204.75,206.525,200.31,203.27,200.084894695,338718,0.0000,1.0
2021-01-07,206.06,206.85,202.2503,205.29,202.073242643,572859,0.0000,1.0
2021-01-06,200.28,206.49,200.28,204.95,201.738570216,308460,0.0000,1.0
2021-01-05,195.88,200.79,194.9,199.29,196.16725864,297391,0.0000,1.0
2021-01-04,201.58,203.5,194.38,196.56,193.480035919,183557,0.0000,1.0
2020-12-31,198.15,202.3,197.78,200.95,197.801247548,190517,0.0000,1.0
2020-12-30,197.87,199.88,197.87,198.83,195.714466534,133706,0.0000,1.0
2020-12-29,198.63,201.84,195.35,196.9,193.814708346,121438,0.0000,1.0
2020-12-28,200.4,202.63,197.98,198.41,195.301047653,124354,0.0000,1.0
2020-12-24,197.12,199.235,196.8,198.95,195.832586214,50645,0.0000,1.0
2020-12-23,199.79,200.845,196.92,198.35,195.241987813,128724,0.0000,1.0
2020-12-22,196.16,199.59,194.6,198.64,195.527443707,208324,0.0000,1.0
2020-12-21,194.67,197.87,193.33,195.82,192.751631226,283193,0.0000,1.0
2020-12-18,200.42,200.691,196.59,198.73,195.616033467,719101,0.0000,1.0
2020-12-17,195.3,197.32,191.92,196.91,193.824551653,364991,0.3900,1.0
2020-12-16,198.95,198.96,189.88,193.99,190.572857451,610019,0.0000,1.0
2020-12-15,201.54,204.32,200.44,201.91,198.353346296,285163,0.0000,1.0
2020-12-14,199.42,200.25,197.74,199.72,196.201923244,228740,0.0000,1.0
2020-12-11,197.39,198.495,195.73,197.79,194.305920281,228062,0.0000,1.0
2020-12-10,198.94,198.94,196.24,198.0,194.512221121,304740,0.0000,1.0
2020-12-09,199.34,200.215,197.995,198.53,195.032885148,263010,0.0000,1.0
2020-12-08,198.76,200.0,198.045,198.93,195.42583913,200482,0.0000,1.0
2020-12-07,201.19,201.53,198.145,199.02,195.514253776,143461,0.0000,1.0
2020-12-04,195.46,201.07,195.46,200.42,196.889592713,276056,0.0000,1.0
2020-12-03,193.085,199.66,193.085,195.31,191.869605592,183536,0.0000,1.0
2020-12-02,203.0,204.23,196.78,197.53,194.050500193,196077,0.0000,1.0
2020-12-01,205.99,206.68,202.51,203.76,200.170758463,339527,0.0000,1.0
2020-11-30,204.15,206.12,203.0,203.81,200.219877711,413922,0.0000,1.0
2020-11-27,202.01,204.62,201.637,204.37,200.770013286,95714,0.0000,1.0
2020-11-25,204.0,204.0,201.11,202.53,198.962424968,187347,0.0000,1.0
2020-11-24,203.3,205.23,201.18,204.53,200.927194879,215745,0.0000,1.0
2020-11-23,203.62,203.92,201.27,201.5,197.950568465,155319,0.0000,1.0
2020-11-20,202.86,203.605,200.4,202.1,198.539999438,140512,0.0000,1.0
2020-11-19,201.99,202.94,200.06,202.31,198.746300278,137716,0.0000,1.0
2020-11-18,204.7,205.35,201.35,201.5,197.950568465,191173,0.0000,1.0
2020-11-17,205.76,206.53,202.8006,203.94,200.347587755,199923,0.0000,1.0
2020-11-16,204.04,206.84,201.3,206.83,203.186680276,293611,0.0000,1.0
2020-11-13,201.2,203.68,199.325,201.92,198.363170146,168865,0.0000,1.0
2020-11-12,203.43,203.43,197.25,199.24,195.730378466,156436,0.0000,1.0
2020-11-11,199.59,203.11,195.97,202.24,198.677533331,274377,0.0000,1.0
2020-11-10,202.26,202.68,195.11,197.18,193.706665458,479304,0.0000,1.0
2020-11-09,215.4,216.865,201.25,201.78,198.225636252,381360,0.0000,1.0
2020-11-06,209.56,212.19,202.3941,210.66,206.949214654,139598,0.0000,1.0
2020-11-05,205.68,209.78,205.68,208.47,204.797791602,119232,0.0000,1.0
2020-11-04,201.0,204.37,196.55,202.67,199.099958862,155477,0.0000,1.0
2020-11-03,200.72,201.9201,197.68,200.31,196.781530368,221302,0.0000,1.0
2020-11-02,193.59,198.465,193.59,197.0,193.529836166,156069,0.0000,1.0
2020-10-30,194.25,197.1,192.16,193.43,190.022721876,208358,0.0000,1.0
2020-10-29,190.06,195.85,188.71,195.2,191.761543247,182370,0.0000,1.0
2020-10-28,194.9,196.2,191.06,191.22,187.851651125,160954,0.0000,1.0
2020-10-27,202.98,203.03,197.39,197.75,194.266624883,127380,0.0000,1.0
2020-10-26,202.41,204.89,201.66,203.05,199.473265145,212721,0.0000,1.0
2020-10-23,212.9,212.985,207.0901,207.56,203.903821293,156983,0.0000,1.0
2020-10-22,209.34,211.61,208.22,211.17,207.450230981,177241,0.0000,1.0
2020-10-21,208.31,210.31,208.075,208.34,204.670081558,154156,0.0000,1.0
2020-10-20,208.94,210.855,207.83,208.74,205.06303554,143872,0.0000,1.0
2020-10-19,207.07,209.495,206.59,207.33,203.677872753,192116,0.0000,1.0
2020-10-16,206.56,209.95,206.56,208.56,204.886206248,132906,0.0000,1.0
2020-10-15,200.06,207.275,198.8,206.94,203.294742621,138126,0.0000,1.0
2020-10-14,203.25,205.8391,201.92,202.48,198.913305721,157541,0.0000,1.0
2020-10-13,202.34,204.92,201.99,203.2,199.620622888,127216,0.0000,1.0
2020-10-12,202.48,204.93,201.7,204.01,200.416354702,108219,0.0000,1.0
2020-10-09,201.2,202.7875,200.0,201.19,197.646029128,126869,0.0000,1.0
2020-10-08,201.83,202.83,200.38,200.57,197.036950456,164249,0.0000,1.0
2020-10-07,200.38,202.5351,197.92,200.52,196.987831208,215248,0.0000,1.0
2020-10-06,197.48,202.0,195.84,197.74,194.256801033,202782,0.0000,1.0
2020-10-05,192.13,196.48,192.13,196.26,192.802871299,126959,0.0000,1.0
2020-10-02,188.71,191.7,187.19,190.48,187.124686259,124700,0.0000,1.0
2020-10-01,191.59,193.43,191.11,191.72,188.342843603,147098,0.0000,1.0
2020-09-30,192.79,195.26,190.535,191.82,188.441082099,225647,0.0000,1.0
2020-09-29,189.77,192.34,189.21,191.42,188.048128117,206378,0.0000,1.0
2020-09-28,186.09,192.13,183.7389,189.8,186.456664489,174967,0.0000,1.0
2020-09-25,181.01,184.45,180.01,183.68,180.444468564,417228,0.0000,1.0
2020-09-24,182.7,183.58,180.13,181.18,177.988506176,285240,0.0000,1.0
2020-09-23,186.56,188.22,182.725,182.78,179.560322104,149642,0.0000,1.0
2020-09-22,187.55,188.29,183.91,186.07,182.792368606,218700,0.0000,1.0
2020-09-21,188.7,190.0,184.88,187.72,184.413303782,261674,0.0000,1.0
2020-09-18,195.17,195.61,189.73,192.0,188.617911391,709806,0.0000,1.0
2020-09-17,195.46,197.89,193.69,194.75,191.319470017,287212,0.0000,1.0
2020-09-16,199.57,201.43,197.89,198.2,194.708698113,200091,0.0000,1.0
2020-09-15,195.52,199.63,195.52,198.48,194.9837659,182572,0.0000,1.0
2020-09-14,192.98,197.13,192.65,195.1,191.663304752,156582,0.0000,1.0
2020-09-11,191.34,192.66,189.55,191.67,188.293724355,198014,0.0000,1.0
2020-09-10,189.89,192.52,189.39,190.82,187.458697143,227186,0.0000,1.0
2020-09-09,188.16,191.875,188.16,189.82,186.476312188,194263,0.0000,1.0
2020-09-08,186.26,187.41,182.62,185.94,182.664658562,294741,0.0000,1.0
2020-09-04,190.92,191.86,184.2145,186.88,183.58810042,192941,0.0000,1.0
2020-09-03,196.52,196.52,187.41,188.57,185.248330994,195217,0.0000,1.0
2020-09-02,190.64,197.89,190.23,197.11,193.637898511,204272,0.0000,1.0
2020-09-01,186.85,190.48,185.06,189.78,186.43701679,240530,0.0000,1.0
2020-08-31,188.26,188.27,186.29,186.49,183.204970288,212336,0.0000,1.0
2020-08-28,189.65,190.59,187.38,187.96,184.649076172,149777,0.0000,1.0
2020-08-27,192.63,194.15,188.64,189.12,185.78864272,285468,0.0000,1.0
2020-08-26,188.61,192.465,187.87,192.41,189.020689222,244912,0.0000,1.0
2020-08-25,188.72,189.255,186.03,188.66,185.33674564,301882,0.0000,1.0
2020-08-24,190.94,191.19,186.87,188.24,184.924143959,253776,0.3900,1.0
2020-08-21,191.0,191.48,188.37,189.07,185.355499647,234902,0.0000,1.0
2020-08-20,193.31,194.31,186.89,191.01,187.257386087,563561,0.0000,1.0
2020-08-19,206.92,207.0,203.8,204.14,200.129431945,312857,0.0000,1.0
2020-08-18,207.0,208.3,205.275,205.66,201.619569775,219305,0.0000,1.0
2020-08-17,207.41,208.32,205.87,206.97,202.903833299,273167,0.0000,1.0
2020-08-14,206.41,207.3,205.32,206.67,202.609727149,296675,0.0000,1.0
2020-08-13,205.74,207.84,204.37,206.46,202.403852843,151335,0.0000,1.0
2020-08-12,206.6,208.37,205.02,206.84,202.776387301,201277,0.0000,1.0
2020-08-11,202.5,207.55,201.17,204.63,200.609805324,207398,0.0000,1.0
2020-08-10,200.0,202.76,198.62,201.64,197.678547357,216971,0.0000,1.0
2020-08-07,196.29,201.22,196.29,199.45,195.531572457,398647,0.0000,1.0
2020-08-06,197.96,198.5,195.03,196.19,192.335618954,175884,0.0000,1.0
2020-08-05,195.0,199.04,194.25,197.69,193.806149707,242648,0.0000,1.0
2020-08-04,196.55,196.59,193.37,194.3,190.482750205,204017,0.0000,1.0
2020-08-03,195.0,197.96,194.0,196.59,192.727760488,248599,0.0000,1.0
2020-07-31,193.73,193.73,189.81,193.63,189.825913136,239849,0.0000,1.0
2020-07-30,193.66,195.008,191.73,193.91,190.10041221,158479,0.0000,1.0
2020-07-29,193.42,197.49,191.67,196.82,192.953241871,175145,0.0000,1.0
2020-07-28,194.65,195.24,192.11,192.34,188.561256688,130511,0.0000,1.0
2020-07-27,192.43,195.88,191.255,195.34,191.502318194,163855,0.0000,1.0
2020-07-24,196.01,196.01,191.79,192.23,188.453417766,219545,0.0000,1.0
2020-07-23,193.57,197.84,193.11,196.48,192.619921566,460969,0.0000,1.0
2020-07-22,192.05,194.17,190.4828,192.95,189.159272528,285906,0.0000,1.0
2020-07-21,191.59,193.81,190.28,192.27,188.49263192,450917,0.0000,1.0
2020-07-20,190.21,191.08,184.02,189.66,185.93390841,281529,0.0000,1.0
2020-07-17,191.36,192.76,190.24,190.51,186.76720917,230904,0.0000,1.0
2020-07-16,192.44,192.45,190.08,191.3,187.541688699,358431,0.0000,1.0
2020-07-15,189.9,192.94,188.84,192.29,188.512238996,358424,0.0000,1.0
2020-07-14,185.54,189.75,184.63,189.4,185.679016412,165350,0.0000,1.0
2020-07-13,188.22,189.91,184.72,185.01,181.375263075,200439,0.0000,1.0
2020-07-10,187.4,187.69,185.02,186.38,182.71834783,180927,0.0000,1.0
2020-07-09,188.45,189.09,184.67,186.93,183.257542439,313261,0.0000,1.0
2020-07-08,189.4,189.4,185.36,187.53,183.84575474,181380,0.0000,1.0
2020-07-07,189.05,190.0,186.89,187.01,183.335970746,372526,0.0000,1.0
2020-07-06,189.74,190.0,187.9,189.72,185.99272964,886325,0.0000,1.0
2020-07-02,188.08,189.76,181.75,186.15,182.492866447,264167,0.0000,1.0
2020-07-01,190.81,190.81,184.6,185.51,181.865439993,188487,0.0000,1.0
2020-06-30,185.24,191.11,184.94,189.71,185.982926101,245808,0.0000,1.0
2020-06-29,182.03,187.21,180.83,184.86,181.22821,212108,0.0000,1.0
2020-06-26,185.39,187.0,179.13,180.37,176.826421279,588903,0.0000,1.0
2020-06-25,184.99,186.73,182.1,186.73,183.061471672,236755,0.0000,1.0
2020-06-24,190.32,190.32,183.37,184.69,181.061549848,266539,0.0000,1.0
2020-06-23,195.85,196.49,190.9,191.08,187.326010856,279889,0.0000,1.0
2020-06-22,193.32,194.61,189.53,192.88,189.090647759,282592,0.0000,1.0
2020-06-19,197.5,198.24,192.99,193.76,189.953359134,359077,0.0000,1.0
2020-06-18,193.97,195.54,192.3,194.25,190.433732514,241383,0.0000,1.0
2020-06-17,194.35,198.14,193.45,194.11,190.296482977,230578,0.0000,1.0
2020-06-16,198.08,199.99,193.52,197.47,193.590471863,380420,0.0000,1.0
2020-06-15,182.58,193.82,182.13,192.1,188.325971768,238091,0.0000,1.0
2020-06-12,194.38,194.38,181.36,185.68,182.032100145,312099,0.0000,1.0
2020-06-11,189.54,191.87,188.05,188.45,184.747680269,346443,0.0000,1.0
2020-06-10,198.62,200.06,196.35,196.6,192.737564027,431611,0.0000,1.0
2020-06-09,197.73,202.73,197.03,199.78,195.855089223,371204,0.0000,1.0
2020-06-08,200.21,203.67,199.63,200.98,197.031513826,328980,0.0000,1.0
2020-06-05,193.79,202.39,192.91,200.64,196.698193521,438134,0.0000,1.0
2020-06-04,191.01,192.99,188.1,190.52,186.777012708,330310,0.0000,1.0
2020-06-03,188.53,193.68,188.0,192.93,189.139665451,356640,0.0000,1.0
2020-06-02,184.69,188.18,183.46,187.79,184.100646737,449465,0.0000,1.0
2020-06-01,188.12,189.95,185.16,185.37,181.728190456,494560,0.0000,1.0
2020-05-29,182.0,188.76,180.06,188.35,184.649644885,2989489,0.0000,1.0
2020-05-28,179.37,185.36,177.82,182.38,178.796932488,495828,0.0000,1.0
2020-05-27,179.09,179.3,174.59,178.5,174.993159607,473140,0.0000,1.0
2020-05-26,176.77,179.95,176.47,177.41,173.924573927,380315,0.0000,1.0
2020-05-22,176.58,176.58,172.22,174.15,170.728620423,239827,0.3800,1.0
2020-05-21,177.36,179.5,174.03,175.42,171.599235631,513058,0.0000,1.0
2020-05-20,176.29,177.51,173.98,174.45,170.650362877,337894,0.0000,1.0
2020-05-19,174.99,176.85,172.31,172.44,168.684142015,316585,0.0000,1.0
2020-05-18,168.16,174.79,165.33,173.01,169.241727035,310789,0.0000,1.0
2020-05-15,158.75,163.85,158.0,162.47,158.931295251,419530,0.0000,1.0
2020-05-14,157.2,162.65,153.01,162.37,158.833473318,250547,0.0000,1.0
2020-05-13,160.71,164.72,159.1,160.06,156.573786655,355837,0.0000,1.0
2020-05-12,169.22,169.22,160.65,160.83,157.327015543,186986,0.0000,1.0
2020-05-11,164.77,168.97,163.02,167.68,164.027817983,302726,0.0000,1.0
2020-05-08,164.2,166.33,162.69,166.32,162.697439688,270941,0.0000,1.0
2020-05-07,163.17,164.54,159.99,160.25,156.759648329,184502,0.0000,1.0
2020-05-06,159.76,161.68,156.11,160.19,156.700955169,250903,0.0000,1.0
2020-05-05,158.33,160.98,157.08,157.87,154.431486313,175943,0.0000,1.0
2020-05-04,157.15,157.53,155.34,156.92,153.502177946,194191,0.0000,1.0
2020-05-01,158.35,160.22,155.66,157.85,154.411921927,178651,0.0000,1.0
2020-04-30,161.51,163.91,159.05,160.91,157.40527309,390393,0.0000,1.0
2020-04-29,164.51,166.19,161.28,165.1,161.504012101,230861,0.0000,1.0
2020-04-28,162.88,166.35,159.06,159.95,156.466182529,259708,0.0000,1.0
2020-04-27,157.03,163.23,157.03,161.76,158.236759524,200039,0.0000,1.0
2020-04-24,155.01,157.09,152.98,156.46,153.052197052,207452,0.0000,1.0
2020-04-23,154.49,158.97,153.42,155.41,152.025066751,255916,0.0000,1.0
2020-04-22,152.34,154.88,149.3,152.83,149.501260868,194333,0.0000,1.0
2020-04-21,148.75,152.54,145.55,151.23,147.936109933,343053,0.0000,1.0
2020-04-20,148.11,153.69,145.01,151.87,148.562170307,245486,0.0000,1.0
2020-04-17,153.3,153.85,150.0,152.48,149.158884101,397322,0.0000,1.0
2020-04-16,141.97,146.62,140.1,146.28,143.093924228,369868,0.0000,1.0
2020-04-15,139.47,142.86,135.04,141.08,138.00718369,200878,0.0000,1.0
2020-04-14,144.07,148.0,144.07,144.8,141.646159613,385570,0.0000,1.0
2020-04-13,150.41,150.58,140.25,141.41,138.32999607,271280,0.0000,1.0
2020-04-09,149.14,152.94,148.44,152.6,149.276270421,242044,0.0000,1.0
2020-04-08,144.67,148.27,141.62,147.34,144.130836723,226910,0.0000,1.0
2020-04-07,144.0,148.72,142.6,142.66,139.552770238,309866,0.0000,1.0
2020-04-06,135.0,140.87,133.76,139.69,136.647458815,329232,0.0000,1.0
2020-04-03,128.27,130.33,125.4,127.43,124.654489776,202647,0.0000,1.0
2020-04-02,125.28,130.37,120.91,127.9,125.114252863,267375,0.0000,1.0
2020-04-01,129.24,131.04,122.03,125.01,122.287198987,366978,0.0000,1.0
2020-03-31,136.58,139.75,134.07,135.07,132.12808549,446431,0.0000,1.0
2020-03-30,132.32,139.53,131.68,138.59,135.571417547,390722,0.0000,1.0
2020-03-27,129.39,134.57,126.64,131.89,129.017348007,438298,0.0000,1.0
2020-03-26,121.95,134.29,119.94,132.98,130.083607081,331374,0.0000,1.0
2020-03-25,121.49,124.99,117.16,119.69,117.083072128,519701,0.0000,1.0
2020-03-24,105.85,119.57,104.37,119.05,116.457011754,438927,0.0000,1.0
2020-03-23,105.72,107.06,96.46,99.46,97.2936949941,440227,0.0000,1.0
2020-03-20,112.63,116.19,105.54,107.24,104.904241415,580060,0.0000,1.0
2020-03-19,102.62,117.33,97.46,114.58,112.084371329,272704,0.0000,1.0
2020-03-18,102.03,109.46,98.6,104.17,101.901108059,339238,0.0000,1.0
2020-03-17,104.67,111.17,100.82,110.07,107.672602132,447087,0.0000,1.0
2020-03-16,107.5,112.09,102.61,102.71,100.472907831,406383,0.0000,1.0
2020-03-13,123.3,125.83,115.72,125.73,122.991516907,374314,0.0000,1.0
2020-03-12,124.57,127.88,115.81,116.64,114.099503158,379054,0.0000,1.0
2020-03-11,136.4,138.16,132.88,133.8,130.885746936,360579,0.0000,1.0
2020-03-10,136.67,140.77,133.23,140.72,137.655024729,298329,0.0000,1.0
2020-03-09,133.2,135.81,130.0,131.89,129.017348007,338771,0.0000,1.0
2020-03-06,138.25,143.93,137.72,143.15,140.032097712,322342,0.0000,1.0
2020-03-05,144.16,145.63,140.7,143.07,139.953840165,312124,0.0000,1.0
2020-03-04,147.62,149.46,145.29,148.1,144.874283417,385340,0.0000,1.0
2020-03-03,148.48,151.19,143.5,144.8,141.646159613,367803,0.0000,1.0
2020-03-02,146.46,148.34,143.53,147.91,144.688421743,513468,0.0000,1.0
2020-02-28,144.71,147.32,142.46,145.3,142.135269281,486302,0.0000,1.0
2020-02-27,152.42,154.76,149.38,149.46,146.204661711,259009,0.0000,1.0
2020-02-26,158.67,160.03,155.28,155.41,152.025066751,244083,0.0000,1.0
2020-02-25,164.85,166.25,156.75,157.16,153.736950586,317771,0.0000,1.0
2020-02-24,163.94,165.5,161.78,164.58,160.995338047,271788,0.3800,1.0
2020-02-21,171.2,171.86,169.91,170.2,166.109399464,291899,0.0000,1.0
2020-02-20,169.81,175.87,169.81,172.1,167.96373471,376972,0.0000,1.0
2020-02-19,173.08,175.49,170.75,171.49,167.3683955,424402,0.0000,1.0
2020-02-18,176.6,176.67,172.04,172.58,168.432198352,309443,0.0000,1.0
2020-02-14,177.6,178.63,176.42,177.49,173.224191015,143265,0.0000,1.0
2020-02-13,177.47,178.71,177.19,177.62,173.351066585,101430,0.0000,1.0
2020-02-12,176.69,179.1,176.66,178.51,174.219676253,132075,0.0000,1.0
2020-02-11,175.8,178.07,175.26,176.97,172.716688737,131877,0.0000,1.0
2020-02-10,174.36,176.23,174.36,175.62,171.399134746,117996,0.0000,1.0
2020-02-07,175.22,177.56,173.37,175.2,170.98922906,199824,0.0000,1.0
2020-02-06,178.79,178.79,175.96,177.61,173.341306926,192361,0.0000,1.0
2020-02-05,180.28,180.28,178.21,178.76,174.463667733,204751,0.0000,1.0
2020-02-04,174.43,178.49,174.43,178.03,173.751212612,203189,0.0000,1.0
2020-02-03,169.85,172.53,169.59,171.67,167.544069365,172154,0.0000,1.0
2020-01-31,171.87,171.88,168.19,168.86,164.801605132,416266,0.0000,1.0
2020-01-30,173.18,174.09,170.5,172.56,168.412679033,309810,0.0000,1.0
2020-01-29,175.47,176.85,173.93,173.98,169.798550639,212486,0.0000,1.0
2020-01-28,173.02,176.75,173.02,175.33,171.11610463,297011,0.0000,1.0
2020-01-27,173.07,173.96,168.85,173.01,168.851863697,297347,0.0000,1.0
2020-01-24,172.3,173.4,170.36,170.98,166.870652881,266850,0.0000,1.0
2020-01-23,170.0,172.58,168.65,172.29,168.149168235,338440,0.0000,1.0
2020-01-22,169.51,171.66,169.51,170.34,166.246034693,562981,0.0000,1.0
2020-01-21,168.96,170.33,167.97,168.71,164.655210244,290075,0.0000,1.0
2020-01-17,168.5,170.15,168.5,169.5,165.42622332,197296,0.0000,1.0
2020-01-16,166.89,168.62,166.89,168.33,164.284343195,193014,0.0000,1.0
2020-01-15,165.43,166.31,164.29,165.99,162.000582944,178339,0.0000,1.0
2020-01-14,165.37,165.84,163.75,165.09,161.122213616,331895,0.0000,1.0
2020-01-13,163.5,165.39,163.24,165.37,161.395484074,127203,0.0000,1.0
2020-01-10,164.73,164.85,163.43,163.61,159.677784056,314836,0.0000,1.0
2020-01-09,162.74,164.67,162.17,164.63,160.673269293,180465,0.0000,1.0
2020-01-08,163.0,163.4,161.68,162.18,158.282152791,197459,0.0000,1.0
2020-01-07,162.87,164.2,162.23,163.01,159.092204504,201211,0.0000,1.0
2020-01-06,163.82,163.9,162.44,163.6,159.668024396,160883,0.0000,1.0
2020-01-03,162.83,164.38,162.52,164.06,160.116968719,163241,0.0000,1.0
2020-01-02,163.22,165.23,162.23,165.23,161.258848845,251914,0.0000,1.0
2019-12-31,163.55,164.8,162.64,162.84,158.926290298,227119,0.0000,1.0
2019-12-30,162.7,164.8,162.25,163.36,159.433792576,229953,0.0000,1.0
2019-12-27,163.13,165.16,162.18,162.8,158.887251661,289534,0.0000,1.0
2019-12-26,162.86,163.83,162.29,162.86,158.945809616,207501,0.0000,1.0
2019-12-24,164.37,164.77,163.2,163.28,159.355715302,87390,0.0000,1.0
2019-12-23,164.73,164.97,163.26,163.89,159.951054513,252181,0.0000,1.0
2019-12-20,164.5,165.28,162.9,164.39,160.439037473,1189977,0.0000,1.0
2019-12-19,162.8,164.19,162.21,163.65,159.716822692,394395,0.3800,1.0
2019-12-18,165.85,166.22,163.06,163.85,159.541555802,311871,0.0000,1.0
2019-12-17,164.91,167.5,164.56,166.84,162.452933598,330451,0.0000,1.0
2019-12-16,160.54,165.37,160.54,164.81,160.476312552,482917,0.0000,1.0
2019-12-13,162.3,165.13,159.6,161.52,157.272823272,522592,0.0000,1.0
2019-12-12,164.7,166.04,160.98,163.0,158.713906596,719683,0.0000,1.0
2019-12-11,165.81,167.48,164.9,167.0,162.608726389,341633,0.0000,1.0
2019-12-10,166.29,167.62,164.36,165.63,161.27475061,174794,0.0000,1.0
2019-12-09,167.37,168.24,166.17,166.25,161.878447678,128517,0.0000,1.0
2019-12-06,167.5,168.98,166.94,167.66,163.251371655,252933,0.0000,1.0
2019-12-05,165.59,166.69,165.11,165.97,161.605810292,164209,0.0000,1.0
2019-12-04,163.97,166.99,163.21,164.6,160.271834513,207727,0.0000,1.0
2019-12-03,163.52,164.48,161.29,164.04,159.726559742,168356,0.0000,1.0
2019-12-02,166.69,167.32,164.38,165.34,160.992376175,148458,0.0000,1.0
2019-11-29,166.73,167.47,165.47,165.83,161.4694916,90309,0.0000,1.0
2019-11-27,165.56,167.0,165.11,166.98,162.58925229,167719,0.0000,1.0
2019-11-26,164.89,166.55,164.65,166.18,161.810288332,204248,0.0000,1.0
2019-11-25,164.14,167.21,164.14,165.21,160.865794532,206115,0.0000,1.0
2019-11-22,164.49,164.7,162.91,164.3,159.979723029,125157,0.0000,1.0
2019-11-21,164.23,164.94,162.61,163.84,159.531818752,192924,0.0000,1.0
2019-11-20,164.42,165.77,163.08,164.46,160.13551582,311404,0.0000,1.0
2019-11-19,163.95,165.6,161.93,164.92,160.583420097,205705,0.0000,1.0
2019-11-18,163.1,164.96,161.87,164.48,160.154989919,149437,0.0000,1.0
2019-11-15,163.48,164.34,162.72,163.27,158.976806932,140969,0.0000,1.0
2019-11-14,162.42,163.43,161.85,162.64,158.363372814,209888,0.0000,1.0
2019-11-13,163.46,164.1,161.61,162.96,158.674958398,182846,0.0000,1.0
2019-11-12,164.84,165.29,163.22,164.45,160.125778771,141401,0.0000,1.0
2019-11-11,162.09,164.76,161.77,164.6,160.271834513,118424,0.0000,1.0
2019-11-08,164.09,164.35,162.39,163.19,158.898910536,220528,0.0000,1.0
2019-11-07,163.97,165.1,163.23,164.32,159.999197128,170841,0.0000,1.0
2019-11-06,163.26,163.7,162.16,162.56,158.285476418,172080,0.0000,1.0
2019-11-05,163.04,164.42,162.28,164.37,160.047882375,181984,0.0000,1.0
2019-11-04,161.16,163.07,160.71,162.51,158.236791171,304100,0.0000,1.0
2019-11-01,157.9,160.3,157.55,160.02,155.812265849,251652,0.0000,1.0
2019-10-31,157.25,157.55,155.52,156.81,152.686672965,341156,0.0000,1.0
2019-10-30,157.98,158.33,156.5,157.83,153.679852012,177171,0.0000,1.0
2019-10-29,155.61,158.48,154.48,157.97,153.816170705,124383,0.0000,1.0
2019-10-28,155.3,156.38,154.52,156.02,151.917446055,160179,0.0000,1.0
2019-10-25,154.65,156.68,154.18,154.24,150.184251247,138204,0.0000,1.0
2019-10-24,154.0,155.75,152.32,154.81,150.739263068,280273,0.0000,1.0
2019-10-23,152.83,153.87,151.48,153.78,149.736346971,267528,0.0000,1.0
2019-10-22,149.63,153.43,148.65,153.05,149.025542359,281433,0.0000,1.0
2019-10-21,147.0,150.26,146.88,150.09,146.143375711,166475,0.0000,1.0
2019-10-18,145.31,147.0,145.09,146.77,142.910675282,142224,0.0000,1.0
2019-10-17,145.67,147.0,144.72,145.29,141.469591959,189627,0.0000,1.0
2019-10-16,144.3,145.26,142.56,144.6,140.797735544,134283,0.0000,1.0
2019-10-15,143.45,145.48,142.4,144.88,141.07037293,94258,0.0000,1.0
2019-10-14,142.72,143.79,140.25,143.27,139.502707963,86611,0.0000,1.0
2019-10-11,141.25,145.18,141.25,142.89,139.132700082,136204,0.0000,1.0
2019-10-10,137.78,140.44,137.78,139.27,135.607888169,86199,0.0000,1.0
2019-10-09,138.41,138.41,136.65,137.76,134.137593697,132857,0.0000,1.0
2019-10-08,140.01,140.01,136.84,136.97,133.368366788,181266,0.0000,1.0
2019-10-07,139.8,142.11,139.8,141.04,137.331345928,103235,0.0000,1.0
2019-10-04,138.7,141.25,138.63,140.85,137.146341988,123510,0.0000,1.0
2019-10-03,137.95,138.9,135.12,138.33,134.692605518,130358,0.0000,1.0
2019-10-02,140.74,141.23,136.46,137.95,134.322597637,197991,0.0000,1.0
2019-10-01,146.5,147.82,141.84,141.93,138.197943332,106206,0.0000,1.0
2019-09-30,144.57,146.49,144.22,146.26,142.414085759,157352,0.0000,1.0
2019-09-27,145.29,145.29,143.37,144.27,140.476412911,122613,0.0000,1.0
2019-09-26,144.38,145.51,143.75,144.63,140.826946693,107045,0.0000,1.0
2019-09-25,143.11,145.72,143.01,145.22,141.401432612,141598,0.0000,1.0
2019-09-24,145.3,146.81,142.51,143.01,139.249544676,177704,0.0000,1.0
2019-09-23,143.07,145.95,143.07,145.29,141.469591959,163703,0.0000,1.0
2019-09-20,145.56,146.32,143.52,143.7,139.921401091,521894,0.0000,1.0
2019-09-19,145.28,147.0,144.43,145.33,141.508540157,198023,0.0000,1.0
2019-09-18,145.35,145.83,143.81,144.99,141.177480474,124586,0.0000,1.0
2019-09-17,145.09,146.35,143.21,145.9,142.063551977,152227,0.0000,1.0
2019-09-16,145.31,146.44,144.43,145.29,141.469591959,163266,0.0000,1.0
2019-09-13,146.5,148.35,145.54,146.26,142.414085759,183672,0.0000,1.0
2019-09-12,147.84,147.92,145.44,146.8,142.939886431,143078,0.0000,1.0
2019-09-11,145.8,147.58,144.08,147.45,143.572794647,178464,0.0000,1.0
2019-09-10,142.0,145.51,141.25,145.37,141.547488355,172875,0.0000,1.0
2019-09-09,138.94,142.36,138.71,142.32,138.577688262,181483,0.0000,1.0
2019-09-06,139.24,140.14,138.05,138.43,134.789976012,168149,0.0000,1.0
2019-09-05,135.19,139.05,133.19,138.74,135.091824546,315097,0.0000,1.0
2019-09-04,133.11,134.17,132.29,133.47,129.960399468,164656,0.0000,1.0
2019-09-03,135.19,135.82,130.89,131.79,128.324575155,164405,0.0000,1.0
2019-08-30,136.42,136.76,134.88,135.96,132.38492479,184065,0.0000,1.0
2019-08-29,134.7,135.77,134.33,135.58,132.014916909,130119,0.0000,1.0
2019-08-28,132.38,134.37,132.14,133.2,129.697499132,118691,0.0000,1.0
2019-08-27,131.96,133.69,131.47,132.94,129.444335845,120391,0.0000,1.0
2019-08-26,132.84,132.84,130.0,131.39,127.935093175,132341,0.3800,1.0
2019-08-23,134.19,134.19,130.43,130.84,127.032158997,237111,0.0000,1.0
2019-08-22,133.85,135.16,132.74,134.82,130.896328921,153422,0.0000,1.0
2019-08-21,126.5,135.32,126.5,133.06,129.187550261,513880,0.0000,1.0
2019-08-20,136.5,139.99,135.15,135.48,131.537120918,306343,0.0000,1.0
2019-08-19,138.7,140.89,136.41,137.2,133.207063699,162995,0.0000,1.0
2019-08-16,133.87,137.13,132.81,136.84,132.857540792,143827,0.0000,1.0
2019-08-15,133.88,134.74,131.22,132.28,128.430250628,173489,0.0000,1.0
2019-08-14,136.32,140.13,132.99,133.45,129.566200078,347017,0.0000,1.0
2019-08-13,135.93,140.93,135.93,138.88,134.838170602,130026,0.0000,1.0
2019-08-12,137.43,138.6,135.88,136.21,132.245875703,105764,0.0000,1.0
2019-08-09,138.71,139.62,135.91,138.28,134.255632422,129647,0.0000,1.0
2019-08-08,136.12,139.45,135.24,139.24,135.187693509,244544,0.0000,1.0
2019-08-07,131.52,134.74,130.1,134.47,130.556514983,155473,0.0000,1.0
2019-08-06,132.88,135.29,132.43,133.29,129.410856563,136151,0.0000,1.0
2019-08-05,132.32,133.88,130.92,132.0,128.158399478,162965,0.0000,1.0
2019-08-02,138.0,138.41,134.63,135.41,131.469158131,194980,0.0000,1.0
2019-08-01,142.14,143.0,137.44,138.53,134.498356664,215904,0.0000,1.0
2019-07-31,142.8,143.82,140.5,141.66,137.537264167,259056,0.0000,1.0
2019-07-30,138.72,142.6,138.32,142.52,138.372235557,142804,0.0000,1.0
2019-07-29,141.92,142.93,139.6,139.71,135.644015083,137792,0.0000,1.0
2019-07-26,140.55,142.38,138.31,141.83,137.702316651,122878,0.0000,1.0
2019-07-25,143.78,143.78,141.15,141.4,137.284830955,102797,0.0000,1.0
2019-07-24,139.68,143.67,139.68,143.05,138.886810949,192491,0.0000,1.0
2019-07-23,138.83,140.32,136.62,140.19,136.110045627,143560,0.0000,1.0
2019-07-22,137.7,139.14,137.64,138.39,134.362431089,93093,0.0000,1.0
2019-07-19,137.38,139.29,134.72,137.51,133.508041759,103077,0.0000,1.0
2019-07-18,138.43,138.43,136.56,136.81,132.828413883,99533,0.0000,1.0
2019-07-17,139.48,140.99,138.16,138.19,134.168251695,87748,0.0000,1.0
2019-07-16,139.32,140.66,139.1,139.88,135.809067568,87081,0.0000,1.0
2019-07-15,138.96,139.45,137.88,138.98,134.935260298,91016,0.0000,1.0
2019-07-12,136.45,139.22,136.27,138.87,134.828461632,115907,0.0000,1.0
2019-07-11,134.56,135.85,134.0,135.78,131.828390008,73965,0.0000,1.0
2019-07-10,135.97,136.74,134.39,134.44,130.527388074,164907,0.0000,1.0
2019-07-09,135.37,135.84,133.9,135.17,131.236142859,125110,0.0000,1.0
2019-07-08,137.78,139.4,135.88,136.3,132.33325643,127319,0.0000,1.0
2019-07-05,139.61,139.61,135.28,138.66,134.624573269,194969,0.0000,1.0
2019-07-03,140.58,141.22,140.21,140.84,136.741128655,78673,0.0000,1.0
2019-07-02,140.11,141.13,138.88,139.99,135.915866234,104443,0.0000,1.0
2019-07-01,143.25,144.96,140.32,141.62,137.498428288,190596,0.0000,1.0
2019-06-28,139.03,141.8,139.03,141.31,137.197450229,325235,0.0000,1.0
2019-06-27,136.42,138.8,135.81,138.69,134.653700178,123423,0.0000,1.0
2019-06-26,135.27,136.57,135.0,135.95,131.993442492,152907,0.0000,1.0
2019-06-25,135.26,135.83,134.39,134.54,130.624477771,139495,0.0000,1.0
2019-06-24,135.61,136.45,134.88,135.16,131.226433889,94354,0.0000,1.0
2019-06-21,135.71,136.12,134.04,135.72,131.77013619,219974,0.0000,1.0
2019-06-20,134.77,135.89,133.21,135.81,131.857516917,110220,0.0000,1.0
2019-06-19,132.43,133.28,131.41,133.0,129.129296443,107144,0.0000,1.0
2019-06-18,129.93,133.24,129.92,132.38,128.527340325,97281,0.0000,1.0
2019-06-17,130.12,130.4,128.92,129.28,125.517559731,109399,0.0000,1.0
2019-06-14,133.65,133.65,129.98,130.12,126.333113182,133320,0.0000,1.0
2019-06-13,133.71,134.41,132.93,133.85,129.954558864,96927,0.0000,1.0
2019-06-12,133.14,134.27,132.16,133.24,129.362311715,140414,0.0000,1.0
2019-06-11,135.76,136.89,133.35,133.54,129.653580805,120330,0.0000,1.0
2019-06-10,133.19,135.78,133.06,134.57,130.653604679,134294,0.0000,1.0
2019-06-07,132.12,133.56,131.63,132.34,128.488504446,98688,0.0000,1.0
2019-06-06,130.78,132.2,130.16,131.34,127.51760748,110509,0.0000,1.0
2019-06-05,130.06,132.38,128.56,130.87,127.061285906,179798,0.0000,1.0
2019-06-04,126.59,129.87,126.59,129.41,125.643776336,225120,0.0000,1.0
2019-06-03,125.41,127.14,124.91,125.7,122.041748593,295190,0.0000,1.0
2019-05-31,125.64,127.0,125.27,125.62,121.964076836,181999,0.0000,1.0
2019-05-30,127.24,128.99,126.76,127.26,123.55634786,119013,0.0000,1.0
2019-05-29,126.02,128.01,126.02,127.23,123.527220951,129074,0.0000,1.0
2019-05-28,128.22,129.63,126.8,126.9,123.206824952,240467,0.0000,1.0
2019-05-24,129.24,129.24,127.25,127.97,124.245684706,148378,0.3500,1.0
2019-05-23,130.0,130.0,127.74,128.73,124.642666709,230787,0.0000,1.0
2019-05-22,132.94,133.44,130.16,131.23,127.063288684,206568,0.0000,1.0
2019-05-21,128.25,134.65,128.05,133.86,129.609783001,611456,0.0000,1.0
2019-05-20,133.39,134.47,130.4,130.59,126.443609458,570516,0.0000,1.0
2019-05-17,136.7,137.53,135.18,135.23,130.936283843,275534,0.0000,1.0
2019-05-16,138.43,139.16,137.75,138.26,133.870077676,246100,0.0000,1.0
2019-05-15,136.27,138.86,135.05,137.95,133.569920551,239098,0.0000,1.0
2019-05-14,138.32,138.99,137.35,137.73,133.356905818,175759,0.0000,1.0
2019-05-13,140.26,140.3,137.4,137.96,133.579603039,150107,0.0000,1.0
2019-05-10,142.34,143.35,139.61,142.96,138.420846988,154967,0.0000,1.0
2019-05-09,143.07,143.93,141.32,143.27,138.721004113,143790,0.0000,1.0
2019-05-08,144.8,145.94,144.07,144.36,139.776395294,126309,0.0000,1.0
2019-05-07,146.14,146.14,143.0,145.1,140.492899398,115164,0.0000,1.0
2019-05-06,146.16,148.37,145.5,147.62,142.932886349,195844,0.0000,1.0
2019-05-03,146.24,149.07,146.06,148.86,144.133514848,131427,0.0000,1.0
2019-05-02,144.01,145.53,143.03,145.31,140.696231644,119499,0.0000,1.0
2019-05-01,146.67,146.67,142.84,144.29,139.708617879,168921,0.0000,1.0
2019-04-30,145.48,146.35,144.31,145.95,141.31591087,340067,0.0000,1.0
2019-04-29,145.4,146.74,145.24,146.6,141.945272583,131058,0.0000,1.0
2019-04-26,143.45,145.57,143.07,145.08,140.473534422,133071,0.0000,1.0
2019-04-25,146.49,146.77,143.21,143.61,139.050208701,137261,0.0000,1.0
2019-04-24,148.1,149.17,147.24,147.38,142.700506639,160449,0.0000,1.0
2019-04-23,146.36,149.23,145.77,148.12,143.417010743,244868,0.0000,1.0
2019-04-22,145.48,145.84,144.56,145.76,141.1319436,124089,0.0000,1.0
2019-04-18,145.04,146.25,143.86,146.1,141.461148188,151162,0.0000,1.0
2019-04-17,145.6,146.8,144.26,144.38,139.79576027,176461,0.0000,1.0
2019-04-16,145.0,146.4,144.55,144.95,140.34766208,235721,0.0000,1.0
2019-04-15,143.69,144.5,142.96,144.09,139.514968121,155936,0.0000,1.0
2019-04-12,142.0,144.34,141.5,144.24,139.660205439,176994,0.0000,1.0
2019-04-11,141.13,141.62,140.12,141.42,136.929743852,131359,0.0000,1.0
2019-04-10,138.97,141.48,138.39,140.89,136.416571993,233543,0.0000,1.0
2019-04-09,139.17,139.47,136.85,138.84,134.431661974,159165,0.0000,1.0
2019-04-08,138.26,139.91,137.29,139.88,135.438640716,95797,0.0000,1.0
2019-04-05,137.14,139.07,136.89,138.96,134.547851829,166167,0.0000,1.0
2019-04-04,137.65,138.99,137.1,137.72,133.34722333,171211,0.0000,1.0
2019-04-03,137.0,138.3,136.78,137.38,133.018018741,131429,0.0000,1.0
2019-04-02,136.05,136.81,134.61,136.45,132.117547367,190927,0.0000,1.0
2019-04-01,133.17,136.04,131.19,135.84,131.526915605,178251,0.0000,1.0
2019-03-29,132.47,133.34,132.14,132.52,128.312329623,129644,0.0000,1.0
2019-03-28,129.95,131.98,129.95,131.56,127.382810785,106794,0.0000,1.0
2019-03-27,130.46,130.97,129.75,129.88,125.756152818,117654,0.0000,1.0
2019-03-26,129.71,130.69,129.09,130.29,126.153134821,112100,0.0000,1.0
2019-03-25,127.88,129.51,127.79,128.56,124.478064415,111500,0.0000,1.0
2019-03-22,132.87,133.25,127.85,127.95,123.887432653,160476,0.0000,1.0
2019-03-21,131.18,134.5,131.13,133.81,129.561370562,161496,0.0000,1.0
2019-03-20,132.73,134.12,130.65,131.74,127.557095567,203874,0.0000,1.0
2019-03-19,133.18,134.23,132.58,132.92,128.699629139,152001,0.0000,1.0
2019-03-18,130.54,133.03,130.38,132.97,128.748041578,208278,0.0000,1.0
2019-03-15,131.53,132.81,130.27,130.39,126.2499597,589352,0.0000,1.0
2019-03-14,132.36,132.36,131.04,131.23,127.063288684,217466,0.0000,1.0
2019-03-13,133.01,133.01,131.61,132.29,128.089632401,204701,0.0000,1.0
2019-03-12,132.41,132.83,131.65,132.35,128.147727328,213873,0.0000,1.0
2019-03-11,131.82,132.79,131.59,132.41,128.205822256,222210,0.0000,1.0
2019-03-08,132.1,132.33,130.32,131.95,127.760427813,231573,0.0000,1.0
2019-03-07,135.99,135.99,132.87,133.24,129.009468751,297165,0.0000,1.0
2019-03-06,137.13,137.67,135.18,135.79,131.478503165,296538,0.0000,1.0
2019-03-05,136.36,138.58,135.6,136.95,132.601671761,282398,0.0000,1.0
2019-03-04,135.96,137.26,134.17,136.43,132.098182391,278107,0.0000,1.0
2019-03-01,136.63,137.42,135.05,135.47,131.168663553,185496,0.0000,1.0
2019-02-28,136.84,136.84,134.18,135.76,131.449455702,198138,0.0000,1.0
2019-02-27,136.66,137.14,135.37,136.69,132.349927076,195547,0.0000,1.0
2019-02-26,138.25,138.72,136.72,136.74,132.398339516,168435,0.0000,1.0
2019-02-25,137.42,140.0,137.18,138.63,134.228329728,244144,0.3500,1.0
2019-02-22,135.04,137.5,134.68,137.47,132.769956021,316557,0.0000,1.0
2019-02-21,135.0,139.55,133.9036,135.09,130.471327263,703300,0.0000,1.0
2019-02-20,139.93,140.03,138.6,138.82,134.073800064,394721,0.0000,1.0
2019-02-19,139.33,140.62,137.76,139.26,134.498756641,236371,0.0000,1.0
2019-02-15,138.5,140.0,137.12,139.67,134.894738906,223429,0.0000,1.0
2019-02-14,136.44,138.64,135.7,138.2,133.474997614,557012,0.0000,1.0
2019-02-13,136.84,138.1,136.56,137.26,132.567135836,188858,0.0000,1.0
2019-02-12,134.39,136.52,134.07,136.41,131.746196994,161974,0.0000,1.0
2019-02-11,132.66,133.78,132.33,133.13,128.578338874,166754,0.0000,1.0
2019-02-08,131.98,132.65,130.06,132.59,128.056801257,276089,0.0000,1.0
2019-02-07,133.09,133.76,130.0,132.34,127.815348656,294775,0.0000,1.0
2019-02-06,132.34,135.14,132.34,134.04,129.45722634,272909,0.0000,1.0
2019-02-05,132.66,133.77,129.42,133.06,128.510732146,191922,0.0000,1.0
2019-02-04,131.05,132.36,129.9,132.24,127.718767616,151843,0.0000,1.0
2019-02-01,129.55,131.22,127.86,130.66,126.19278718,217653,0.0000,1.0
2019-01-31,128.93,130.4,127.68,129.64,125.20766057,245344,0.0000,1.0
2019-01-30,129.28,129.99,127.09,129.19,124.773045889,181892,0.0000,1.0
2019-01-29,128.67,129.41,127.76,128.07,123.691338238,176683,0.0000,1.0
2019-01-28,126.9,128.03,126.3,127.62,123.256723557,242217,0.0000,1.0
2019-01-25,127.58,129.12,124.72,127.7,123.333988389,189790,0.0000,1.0
2019-01-24,125.19,126.58,124.48,126.32,122.001170034,156152,0.0000,1.0
2019-01-23,126.3,127.15,123.8,124.96,120.687667886,171368,0.0000,1.0
2019-01-22,127.08,127.5679,124.35,125.41,121.122282567,204780,0.0000,1.0
2019-01-18,125.0,129.48,124.37,128.28,123.894158422,242118,0.0000,1.0
2019-01-17,123.2,125.64,122.01,125.07,120.793907031,281924,0.0000,1.0
2019-01-16,122.47,124.48,122.47,123.65,119.422456259,153782,0.0000,1.0
2019-01-15,122.39,123.81,120.74,122.58,118.389039129,212937,0.0000,1.0
2019-01-14,121.41,123.5,120.2,122.38,118.195877048,234648,0.0000,1.0
2019-01-11,123.72,124.0,121.95,122.74,118.543568793,333762,0.0000,1.0
2019-01-10,122.7,124.62,122.33,124.48,120.224078893,230722,0.0000,1.0
2019-01-09,120.94,123.84,120.11,122.99,118.785021394,252642,0.0000,1.0
2019-01-08,118.7,121.19,118.68,120.03,115.926222602,318905,0.0000,1.0
2019-01-07,117.1,118.14,115.91,116.95,112.951526563,255168,0.0000,1.0
2019-01-04,114.35,117.53,114.11,116.77,112.777680691,333907,0.0000,1.0
2019-01-03,114.73,115.81,111.85,112.76,108.904780977,375915,0.0000,1.0
2019-01-02,116.99,118.74,115.79,117.07,113.067423811,400001,0.0000,1.0
2018-12-31,118.22,119.4472,116.63,119.35,115.269471529,288543,0.0000,1.0
2018-12-28,118.1,120.24,116.25,117.6,113.579303325,282949,0.0000,1.0
2018-12-27,115.23,117.82,112.97,117.81,113.782123509,374387,0.0000,1.0
2018-12-26,112.47,117.54,112.14,117.42,113.405457452,292709,0.0000,1.0
2018-12-24,112.43,114.26,111.07,111.87,108.045209719,252212,0.0000,1.0
2018-12-21,115.2,116.53,113.26,113.46,109.580848259,894573,0.0000,1.0
2018-12-20,113.58,116.89,113.06,114.74,110.817085574,541684,0.3500,1.0
2018-12-19,116.42,118.82,113.8,114.78,110.518594857,494614,0.0000,1.0
2018-12-18,115.76,118.64,114.53,116.29,111.972533507,520953,0.0000,1.0
2018-12-17,118.49,119.62,114.2,114.78,110.518594857,431451,0.0000,1.0
2018-12-14,117.24,121.26,117.24,118.55,114.148627116,516095,0.0000,1.0
2018-12-13,118.57,121.1,115.43,119.16,114.735979815,1005275,0.0000,1.0
2018-12-12,111.0,113.85,110.16,112.07,107.909208274,513580,0.0000,1.0
2018-12-11,114.84,115.9,110.51,110.68,106.570814417,421522,0.0000,1.0
2018-12-10,113.45,114.45,111.73,113.1,108.90096775,360544,0.0000,1.0
2018-12-07,115.68,117.93,112.41,113.47,109.257230863,340041,0.0000,1.0
2018-12-06,113.36,115.77,110.75,115.51,111.22149235,491549,0.0000,1.0
2018-12-04,121.67,122.68,115.66,116.13,111.818473783,263739,0.0000,1.0
2018-12-03,123.06,124.38,120.67,121.91,117.38388133,265997,0.0000,1.0
2018-11-30,117.76,121.39,117.34,120.41,115.939571413,407368,0.0000,1.0
2018-11-29,117.43,120.5,116.6,118.0,113.619046813,415906,0.0000,1.0
2018-11-28,119.23,121.23,117.44,121.2,116.700241303,267681,0.0000,1.0
2018-11-27,120.8,122.52,117.59,118.55,114.148627116,359850,0.0000,1.0
2018-11-26,125.08,126.39,124.29,124.9,120.262872432,159334,0.0000,1.0
2018-11-23,123.31,125.04,122.81,123.81,119.213340558,71263,0.0000,1.0
2018-11-21,122.14,126.08,122.14,124.58,119.954752983,147751,0.0000,1.0
2018-11-20,123.45,125.01,120.65,121.74,117.220192873,261730,0.0000,1.0
2018-11-19,126.81,128.54,124.73,125.11,120.46507582,159006,0.0000,1.0
2018-11-16,126.82,128.1,124.38,127.33,122.602654497,195290,0.0000,1.0
2018-11-15,125.13,128.72,124.15,127.82,123.074462404,185670,0.0000,1.0
2018-11-14,125.88,127.79,124.52,125.83,121.15834458,283972,0.0000,1.0
2018-11-13,125.13,126.17,123.82,124.66,120.031782845,272571,0.0000,1.0
2018-11-12,127.78,128.07,124.44,124.7,120.070297776,275901,0.0000,1.0
2018-11-09,129.26,130.06,126.46,128.22,123.459611715,180273,0.0000,1.0
2018-11-08,129.68,130.6,129.19,130.04,125.212041081,149386,0.0000,1.0
2018-11-07,126.99,130.16,126.17,129.72,124.903921632,141913,0.0000,1.0
2018-11-06,126.73,128.5,125.49,126.36,121.668667418,193111,0.0000,1.0
2018-11-05,128.08,128.8,125.99,126.77,122.063445462,293546,0.0000,1.0
2018-11-02,128.07,128.38,126.39,127.99,123.238150861,237566,0.0000,1.0
2018-11-01,123.21,127.52,121.47,126.83,122.121217858,232925,0.0000,1.0
2018-10-31,121.71,123.39,119.8,122.67,118.115665021,475428,0.0000,1.0
2018-10-30,115.52,120.58,115.52,120.26,115.795140421,271699,0.0000,1.0
2018-10-29,117.37,119.29,114.01,115.51,111.22149235,224770,0.0000,1.0
2018-10-26,113.7,117.08,111.17,115.99,111.683671524,217284,0.0000,1.0
2018-10-25,114.03,117.04,113.51,115.21,110.932630367,253912,0.0000,1.0
2018-10-24,118.08,118.93,112.91,113.09,108.891339018,291486,0.0000,1.0
2018-10-23,119.33,120.03,117.48,118.0,113.619046813,304446,0.0000,1.0
2018-10-22,123.26,123.6,121.77,121.86,117.335737666,161241,0.0000,1.0
2018-10-19,125.75,126.19,122.64,122.82,118.260096013,335779,0.0000,1.0
2018-10-18,128.39,128.4,125.27,125.52,120.859853864,168526,0.0000,1.0
2018-10-17,129.71,131.5,125.24,128.44,123.671443836,187900,0.0000,1.0
2018-10-16,126.98,130.03,126.02,129.53,124.720975709,186449,0.0000,1.0
2018-10-15,125.65,127.13,125.18,126.38,121.687924883,150549,0.0000,1.0
2018-10-12,127.37,127.37,124.0,125.55,120.888740062,214691,0.0000,1.0
2018-10-11,128.0,129.65,124.81,124.91,120.272501164,274757,0.0000,1.0
2018-10-10,132.67,132.67,127.8,128.13,123.37295312,393511,0.0000,1.0
2018-10-09,135.02,135.82,133.12,133.32,128.370265433,157175,0.0000,1.0
2018-10-08,135.76,136.67,134.14,135.13,130.113066066,176055,0.0000,1.0
2018-10-05,138.14,141.0,135.47,136.36,131.297400198,129509,0.0000,1.0
2018-10-04,138.87,139.71,136.68,137.58,132.472105598,217120,0.0000,1.0
2018-10-03,139.73,139.89,139.04,139.35,134.1763913,181298,0.0000,1.0
2018-10-02,137.06,139.14,137.06,138.87,133.714212126,132359,0.0000,1.0
2018-10-01,139.64,140.19,137.23,137.53,132.423961934,156643,0.0000,1.0
2018-09-28,139.94,140.76,138.65,138.9,133.743098325,195370,0.0000,1.0
2018-09-27,140.81,141.46,139.24,139.8,134.609684275,227010,0.0000,1.0
2018-09-26,143.53,143.53,140.64,140.77,135.543671355,215649,0.0000,1.0
2018-09-25,145.17,145.17,142.94,143.36,138.037513145,153870,0.0000,1.0
2018-09-24,145.24,145.24,143.18,144.42,139.05815882,164839,0.0000,1.0
2018-09-21,141.85,146.4,141.85,145.27,139.876601106,554202,0.0000,1.0
2018-09-20,145.31,145.78,143.1,145.3,139.905487304,139387,0.0000,1.0
2018-09-19,144.66,146.37,142.6,144.54,139.173703613,184634,0.0000,1.0
2018-09-18,146.01,146.84,143.39,145.39,139.992145899,150052,0.0000,1.0
2018-09-17,144.36,146.42,143.7,145.41,140.011403365,220597,0.0000,1.0
2018-09-14,141.5,145.87,141.5,144.94,139.558852924,233695,0.0000,1.0
2018-09-13,144.5,145.0,142.26,144.65,139.279619674,171043,0.0000,1.0
2018-09-12,142.73,143.98,141.72,143.76,138.422662456,164005,0.0000,1.0
2018-09-11,142.15,142.59,140.9,141.81,136.545059564,106609,0.0000,1.0
2018-09-10,143.45,144.91,142.41,142.54,137.247957057,180054,0.0000,1.0
2018-09-07,142.61,143.67,140.79,142.34,137.055382401,205446,0.0000,1.0
2018-09-06,141.02,144.06,140.68,142.92,137.613848902,375732,0.0000,1.0
2018-09-05,138.69,141.5,138.69,141.18,135.938449399,170016,0.0000,1.0
2018-09-04,139.03,139.37,137.46,139.22,134.051217774,127725,0.0000,1.0
2018-08-31,137.7,139.33,137.39,139.02,133.858643118,141214,0.0000,1.0
2018-08-30,139.0,139.5,137.84,138.13,133.001685901,100964,0.0000,1.0
2018-08-29,138.06,140.65,136.31,139.35,134.1763913,192373,0.0000,1.0
2018-08-28,137.96,138.96,137.41,138.15,133.020943366,156786,0.0000,1.0
2018-08-27,136.0,137.89,135.19,137.79,132.674308986,166561,0.0000,1.0
2018-08-24,134.5,135.94,134.13,135.89,130.844849758,120442,0.0000,1.0
2018-08-23,133.67,134.56,132.31,134.33,129.342767444,200250,0.0000,1.0
2018-08-22,134.17,134.68,132.63,133.71,128.745786011,205866,0.0000,1.0
2018-08-21,124.59,135.18,123.77,133.75,128.784300943,691700,0.0000,1.0
2018-08-20,134.95,135.69,134.32,134.69,129.689401824,478309,0.3500,1.0
2018-08-17,135.41,135.79,134.57,134.99,129.64138294,142639,0.0000,1.0
2018-08-16,133.52,136.6,133.52,135.33,129.967911351,157381,0.0000,1.0
2018-08-15,132.84,133.02,129.69,132.89,127.624589813,111999,0.0000,1.0
2018-08-14,132.44,134.435,132.44,133.92,128.613778823,112368,0.0000,1.0
2018-08-13,133.76,133.91,131.22,131.54,126.328079946,144783,0.0000,1.0
2018-08-10,132.67,133.91,131.47,133.43,128.14319376,124096,0.0000,1.0
2018-08-09,133.62,134.04,131.88,133.08,127.807061572,204229,0.0000,1.0
2018-08-08,133.94,133.94,132.89,133.44,128.152797537,97434,0.0000,1.0
2018-08-07,133.72,134.89,133.72,133.95,128.642590153,80598,0.0000,1.0
2018-08-06,133.17,133.5,132.26,133.44,128.152797537,86426,0.0000,1.0
2018-08-03,133.18,134.46,132.28,133.09,127.816665349,99696,0.0000,1.0
2018-08-02,132.18,133.48,131.28,132.88,127.614986036,105717,0.0000,1.0
2018-08-01,134.33,134.51,132.43,132.6,127.346080286,184095,0.0000,1.0
2018-07-31,132.41,134.72,130.51,134.11,128.796250582,271682,0.0000,1.0
2018-07-30,132.91,134.31,131.72,131.74,126.520155482,166455,0.0000,1.0
2018-07-27,133.33,134.27,132.03,132.67,127.413306724,190668,0.0000,1.0
2018-07-26,129.97,133.45,129.82,133.0,127.730231358,276303,0.0000,1.0
2018-07-25,129.52,131.53,128.03,129.57,124.436135918,365150,0.0000,1.0
2018-07-24,129.5,131.81,128.96,129.65,124.512966132,131789,0.0000,1.0
2018-07-23,130.9,132.8,128.67,128.85,123.744663989,141576,0.0000,1.0
2018-07-20,130.87,132.5,130.07,131.41,126.203230848,395742,0.0000,1.0
2018-07-19,130.63,131.18,129.45,131.05,125.857494883,164451,0.0000,1.0
2018-07-18,130.22,131.42,129.41,131.08,125.886306214,181179,0.0000,1.0
2018-07-17,129.09,130.28,128.96,130.06,124.906720981,148207,0.0000,1.0
2018-07-16,131.4,131.4,128.26,128.94,123.83109798,161310,0.0000,1.0
2018-07-13,131.11,132.84,131.11,131.48,126.270457285,162443,0.0000,1.0
2018-07-12,130.51,131.05,129.42,130.98,125.790268446,133743,0.0000,1.0
2018-07-11,131.39,131.39,129.25,130.0,124.84909832,152137,0.0000,1.0
2018-07-10,132.93,133.31,130.93,131.95,126.721834795,164697,0.0000,1.0
2018-07-09,129.76,132.6,129.7,132.36,127.115589643,184293,0.0000,1.0
2018-07-06,130.0,130.57,128.9,129.05,123.936739524,150429,0.0000,1.0
2018-07-05,128.1,130.42,127.65,130.24,125.079588963,367707,0.0000,1.0
2018-07-03,128.36,129.55,127.15,127.38,122.3329088,106871,0.0000,1.0
2018-07-02,127.21,128.8,126.15,128.42,123.331701586,205399,0.0000,1.0
2018-06-29,128.4,129.86,128.31,128.41,123.32209781,239805,0.0000,1.0
2018-06-28,126.48,127.94,125.36,127.71,122.649833434,143482,0.0000,1.0
2018-06-27,129.05,129.94,126.17,126.26,121.257285799,225372,0.0000,1.0
2018-06-26,130.04,131.26,128.45,128.55,123.456550685,197480,0.0000,1.0
2018-06-25,130.05,130.05,127.94,129.49,124.359305703,246387,0.0000,1.0
2018-06-22,131.21,131.67,129.65,130.49,125.319683383,611571,0.0000,1.0
2018-06-21,130.22,130.74,129.21,130.42,125.252456945,248650,0.0000,1.0
2018-06-20,129.85,130.62,129.11,130.54,125.367702267,135389,0.0000,1.0
2018-06-19,129.6,131.11,128.99,129.56,124.426532141,245960,0.0000,1.0
2018-06-18,129.99,131.19,129.04,131.0,125.809475999,197833,0.0000,1.0
2018-06-15,129.91,130.64,128.18,130.55,125.377306043,374191,0.0000,1.0
2018-06-14,129.72,130.49,128.93,129.54,124.407324587,149718,0.0000,1.0
2018-06-13,131.81,131.81,128.8,129.07,123.955947078,171661,0.0000,1.0
2018-06-12,132.34,133.55,130.67,131.64,126.424117714,137582,0.0000,1.0
2018-06-11,133.28,134.37,131.16,132.35,127.105985866,127635,0.0000,1.0
2018-06-08,131.64,133.01,131.37,132.92,127.653401144,189222,0.0000,1.0
2018-06-07,131.93,132.34,130.39,131.63,126.414513937,131563,0.0000,1.0
2018-06-06,130.5,131.5,130.37,131.46,126.251249732,202333,0.0000,1.0
2018-06-05,129.5,131.82,129.5,130.87,125.684626901,295163,0.0000,1.0
2018-06-04,127.22,129.23,126.52,129.16,124.042381069,184148,0.0000,1.0
2018-06-01,127.29,128.0,126.7,126.72,121.699059531,168470,0.0000,1.0
2018-05-31,128.5,128.71,125.33,125.63,120.652247861,184578,0.0000,1.0
2018-05-30,127.87,128.61,126.11,128.41,123.32209781,276383,0.0000,1.0
2018-05-29,126.81,128.35,126.39,127.53,122.476965452,308624,0.0000,1.0
2018-05-25,128.38,128.41,126.8,127.56,122.505776782,201735,0.3000,1.0
2018-05-24,126.65,129.19,125.99,128.65,123.262695003,276174,0.0000,1.0
2018-05-23,128.17,128.83,126.09,127.0,121.681789859,483096,0.0000,1.0
2018-05-22,131.11,134.11,128.24,129.25,123.8375696,1318913,0.0000,1.0
2018-05-21,135.98,139.73,135.97,139.62,133.773318898,421636,0.0000,1.0
2018-05-18,134.13,135.52,133.64,134.96,129.308459522,209075,0.0000,1.0
2018-05-17,134.24,134.89,133.66,134.05,128.436566382,166093,0.0000,1.0
2018-05-16,132.51,134.87,132.51,134.18,128.561122545,104926,0.0000,1.0
2018-05-15,132.22,132.7,129.82,132.21,126.673617616,199895,0.0000,1.0
2018-05-14,132.7,134.5,132.51,133.29,127.708391892,262355,0.0000,1.0
2018-05-11,132.86,133.88,131.26,132.25,126.711942589,104410,0.0000,1.0
2018-05-10,132.68,133.39,131.68,132.36,126.817336265,257980,0.0000,1.0
2018-05-09,132.19,132.61,130.72,132.54,126.989798645,134436,0.0000,1.0
2018-05-08,131.05,132.22,130.87,131.72,126.204136694,100080,0.0000,1.0
2018-05-07,129.91,131.79,125.0,131.06,125.571774637,146980,0.0000,1.0
2018-05-04,126.95,130.32,125.8,129.77,124.335794252,156016,0.0000,1.0
2018-05-03,126.96,128.46,125.26,127.61,122.2662457,167638,0.0000,1.0
2018-05-02,127.85,128.77,127.13,127.25,121.921320941,235159,0.0000,1.0
2018-05-01,128.48,128.48,126.2,127.49,122.15127078,281268,0.0000,1.0
2018-04-30,131.31,132.0,128.55,128.6,123.214788786,168520,0.0000,1.0
2018-04-27,132.24,132.24,130.25,130.99,125.504705934,179735,0.0000,1.0
2018-04-26,132.99,134.36,131.49,131.96,126.434086533,194911,0.0000,1.0
2018-04-25,135.35,136.21,132.58,132.72,127.162261024,184810,0.0000,1.0
2018-04-24,138.66,139.8,133.32,135.21,129.547990605,157664,0.0000,1.0
2018-04-23,139.01,141.51,137.46,137.91,132.134926295,268716,0.0000,1.0
2018-04-20,140.8,141.96,139.32,139.85,133.993687494,171901,0.0000,1.0
2018-04-19,140.73,141.75,139.15,141.52,135.593755124,354579,0.0000,1.0
2018-04-18,140.83,141.28,139.24,141.06,135.153017933,114045,0.0000,1.0
2018-04-17,140.0,141.25,138.79,140.62,134.731443228,193273,0.0000,1.0
2018-04-16,137.49,139.57,136.79,139.5,133.658343979,147958,0.0000,1.0
2018-04-13,137.44,137.84,135.9,136.71,130.985177099,168736,0.0000,1.0
2018-04-12,135.67,137.57,134.84,136.82,131.090570775,267593,0.0000,1.0
2018-04-11,135.16,136.74,133.85,135.22,129.557571848,171556,0.0000,1.0
2018-04-10,134.31,137.19,134.18,136.01,130.314490068,464025,0.0000,1.0
2018-04-09,132.69,135.28,132.1,132.3,126.759848806,489425,0.0000,1.0
2018-04-06,135.34,136.58,130.41,131.38,125.878374422,180674,0.0000,1.0
2018-04-05,136.65,136.84,134.57,136.51,130.793552233,193098,0.0000,1.0
2018-04-04,133.37,135.96,132.59,135.76,130.074958986,433569,0.0000,1.0
2018-04-03,133.65,135.65,131.51,135.39,129.720452984,320431,0.0000,1.0
2018-04-02,136.07,136.45,131.53,132.71,127.152679781,158174,0.0000,1.0
2018-03-29,134.99,137.63,133.6,136.34,130.630671097,175942,0.0000,1.0
2018-03-28,134.39,135.35,132.79,134.0,128.388660166,261360,0.0000,1.0
2018-03-27,137.81,137.81,134.01,134.65,129.01144098,185608,0.0000,1.0
2018-03-26,136.11,138.14,134.8,137.45,131.694189103,128168,0.0000,1.0
2018-03-23,135.41,137.0,133.81,133.95,128.340753949,210790,0.0000,1.0
2018-03-22,139.61,139.61,135.16,135.27,129.605478064,212982,0.0000,1.0
2018-03-21,141.64,142.28,140.6,140.78,134.884743121,172233,0.0000,1.0
2018-03-20,139.71,142.5,139.71,141.89,135.948261126,191901,0.0000,1.0
2018-03-19,139.0,139.74,137.51,139.52,133.677506465,197321,0.0000,1.0
2018-03-16,139.09,140.29,137.95,139.27,133.437975383,345980,0.0000,1.0
2018-03-15,139.65,140.86,137.62,139.02,133.1984443,150443,0.0000,1.0
2018-03-14,140.51,141.28,138.7,139.22,133.390069166,163556,0.0000,1.0
2018-03-13,140.44,141.22,139.51,140.1,134.233218576,150622,0.0000,1.0
2018-03-12,140.11,140.83,138.75,139.69,133.840387601,156107,0.0000,1.0
2018-03-09,138.18,140.1,136.97,139.98,134.118243657,176828,0.0000,1.0
2018-03-08,138.44,138.46,135.67,137.7,131.933720185,171086,0.0000,1.0
2018-03-07,135.28,138.13,135.28,137.66,131.895395212,275310,0.0000,1.0
2018-03-06,136.76,137.49,136.01,136.54,130.822295963,167751,0.0000,1.0
2018-03-05,134.22,136.46,133.0,135.94,130.247421365,176153,0.0000,1.0
2018-03-02,132.34,135.1,131.55,134.8,129.15515963,191104,0.0000,1.0
2018-03-01,134.08,137.72,132.26,133.9,128.292847733,254220,0.0000,1.0
2018-02-28,138.44,138.81,134.02,134.07,128.455728869,280170,0.0000,1.0
2018-02-27,138.81,138.89,136.85,137.54,131.780420293,246700,0.0000,1.0
2018-02-26,136.78,138.85,134.88,138.55,132.748125866,290392,0.0000,1.0
2018-02-23,136.95,140.99,132.36,136.55,130.831877206,742368,0.0000,1.0
2018-02-22,140.77,142.52,135.7324,141.41,135.488361448,340613,0.0000,1.0
2018-02-21,138.36,141.96,137.32,139.33,133.495462843,243838,0.0000,1.0
2018-02-20,138.7,140.92,137.91,138.57,132.767288352,220962,0.0000,1.0
2018-02-16,138.95,140.66,137.87,138.89,133.073888138,220867,0.3000,1.0
2018-02-15,140.17,140.25,136.94,139.0,132.892236879,195629,0.0000,1.0
2018-02-14,136.29,140.36,136.1,139.63,133.494554211,174502,0.0000,1.0
2018-02-13,135.55,137.61,135.3,137.27,131.238254362,142876,0.0000,1.0
2018-02-12,136.98,138.29,135.44,136.91,130.894073029,272707,0.0000,1.0
2018-02-09,135.29,137.59,131.68,136.46,130.463846363,255554,0.0000,1.0
2018-02-08,137.53,137.57,133.57,133.65,127.777319848,269614,0.0000,1.0
2018-02-07,138.87,139.88,135.99,137.63,131.582435695,243838,0.0000,1.0
2018-02-06,132.52,139.93,131.63,139.09,132.978282212,400147,0.0000,1.0
2018-02-05,140.5,143.71,135.22,135.58,129.622514216,206268,0.0000,1.0
2018-02-02,143.54,143.55,140.34,141.72,135.492718061,191345,0.0000,1.0
2018-02-01,143.09,145.11,143.09,144.22,137.882866206,196931,0.0000,1.0
2018-01-31,145.48,146.32,142.52,143.72,137.404836577,475093,0.0000,1.0
2018-01-30,143.67,145.78,143.05,144.73,138.370456428,206922,0.0000,1.0
2018-01-29,149.21,150.22,146.1,146.61,140.167847833,183465,0.0000,1.0
2018-01-26,148.63,150.2,146.81,150.1,143.504494644,202842,0.0000,1.0
2018-01-25,148.52,148.92,146.07,148.29,141.774027386,282913,0.0000,1.0
2018-01-24,150.35,150.39,146.54,147.59,141.104785906,178116,0.0000,1.0
2018-01-23,149.77,151.48,149.46,149.87,143.284601014,242888,0.0000,1.0
2018-01-22,150.76,151.09,148.39,149.99,143.399328125,239915,0.0000,1.0
2018-01-19,149.92,151.49,149.4,151.14,144.498796272,225301,0.0000,1.0
2018-01-18,147.73,150.27,147.73,149.2,142.644041311,237489,0.0000,1.0
2018-01-17,147.34,149.76,146.69,148.18,141.668860868,287639,0.0000,1.0
2018-01-16,148.99,149.02,145.74,146.24,139.814105907,278624,0.0000,1.0
2018-01-12,147.43,149.92,147.33,148.46,141.93655746,163096,0.0000,1.0
2018-01-11,145.12,147.52,145.12,147.43,140.951816424,143283,0.0000,1.0
2018-01-10,146.53,146.72,145.01,145.66,139.259591538,206760,0.0000,1.0
2018-01-09,148.49,149.26,146.72,146.89,140.435544425,242045,0.0000,1.0
2018-01-08,149.57,149.57,146.93,148.41,141.888754497,342781,0.0000,1.0
2018-01-05,150.91,151.84,148.23,149.34,142.777889607,199218,0.0000,1.0
2018-01-04,149.68,151.44,147.26,150.18,143.580979384,592563,0.0000,1.0
2018-01-03,148.56,149.7,145.63,149.12,142.567556571,236271,0.0000,1.0
2018-01-02,145.73,148.46,145.73,147.42,140.942255832,265993,0.0000,1.0
2017-12-29,147.0,148.57,145.42,146.4,139.967075389,203673,0.0000,1.0
2017-12-28,145.95,146.96,145.13,146.84,140.387741462,142289,0.0000,1.0
2017-12-27,145.25,145.65,144.0,145.53,139.135303834,158904,0.0000,1.0
2017-12-26,144.45,145.74,143.64,144.82,138.456501761,123056,0.0000,1.0
2017-12-22,144.27,145.29,143.28,144.48,138.131441613,117308,0.0000,1.0
2017-12-21,142.56,145.64,142.39,144.69,138.332214057,209142,0.0000,1.0
2017-12-20,142.38,143.17,141.13,143.1,136.812079837,221534,0.0000,1.0
2017-12-19,142.58,142.96,141.05,142.39,136.133277764,340207,0.0000,1.0
2017-12-18,144.95,146.54,141.52,142.17,135.922944727,407145,0.3000,1.0
2017-12-15,143.7,146.66,142.03,144.8,138.145872088,582314,0.0000,1.0
2017-12-14,140.0,150.48,139.01,143.86,137.249068775,1599817,0.0000,1.0
2017-12-13,124.71,127.92,124.36,126.91,121.077987754,529232,0.0000,1.0
2017-12-12,125.55,125.55,123.76,124.22,118.511603804,272261,0.0000,1.0
2017-12-11,127.13,127.36,124.83,125.02,119.274840666,333007,0.0000,1.0
2017-12-08,127.61,127.95,126.65,127.31,121.459606185,131846,0.0000,1.0
2017-12-07,126.74,128.51,126.73,127.22,121.373742038,211788,0.0000,1.0
2017-12-06,125.59,127.46,124.76,126.41,120.600964715,150817,0.0000,1.0
2017-12-05,127.85,128.0,126.07,126.22,120.41969596,211453,0.0000,1.0
2017-12-04,129.0,131.18,127.39,127.52,121.659955861,171395,0.0000,1.0
2017-12-01,128.02,128.72,125.32,128.56,122.652163782,179456,0.0000,1.0
2017-11-30,126.17,128.49,125.47,128.36,122.461354567,275410,0.0000,1.0
2017-11-29,128.99,129.01,125.52,125.66,119.885430156,269493,0.0000,1.0
2017-11-28,127.85,129.07,127.51,129.0,123.071944057,219107,0.0000,1.0
2017-11-27,128.15,128.99,127.87,128.06,122.175140743,118934,0.0000,1.0
2017-11-24,128.03,128.79,123.7402,128.63,122.718947008,59574,0.0000,1.0
2017-11-22,128.22,128.87,127.72,128.12,122.232383508,128483,0.0000,1.0
2017-11-21,128.24,128.53,127.4,128.18,122.289626273,112370,0.0000,1.0
2017-11-20,126.88,128.68,126.46,127.67,121.803062773,136652,0.0000,1.0
2017-11-17,125.71,126.79,125.27,126.68,120.858557156,117348,0.0000,1.0
2017-11-16,124.63,126.62,124.56,125.9,120.114401215,163576,0.0000,1.0
2017-11-15,124.58,124.58,123.33,123.92,118.225389981,147459,0.0000,1.0
2017-11-14,123.15,125.44,123.15,125.28,119.522892647,155428,0.0000,1.0
2017-11-13,123.6,123.87,123.01,123.81,118.120444912,128399,0.0000,1.0
2017-11-10,123.25,124.5,122.83,123.87,118.177687677,148482,0.0000,1.0
2017-11-09,125.09,125.78,123.22,123.66,117.977338,130849,0.0000,1.0
2017-11-08,125.61,126.55,125.61,126.0,120.209805823,135597,0.0000,1.0
2017-11-07,126.51,127.33,126.12,126.94,121.106609136,229998,0.0000,1.0
2017-11-06,126.56,127.48,126.28,126.72,120.896718999,128468,0.0000,1.0
2017-11-03,126.46,127.0292,126.26,126.73,120.90625946,136290,0.0000,1.0
2017-11-02,126.78,127.335,126.27,126.46,120.648667019,192880,0.0000,1.0
2017-11-01,127.61,127.61,124.69,126.38,120.572343332,228530,0.0000,1.0
2017-10-31,125.3,126.88,125.29,126.69,120.868097617,346137,0.0000,1.0
2017-10-30,125.21,125.92,124.1,124.52,118.797817627,257532,0.0000,1.0
2017-10-27,126.95,126.95,125.73,126.16,120.362453195,183238,0.0000,1.0
2017-10-26,126.12,127.28,125.07,127.13,121.287877891,186614,0.0000,1.0
2017-10-25,125.64,125.85,124.01,125.54,119.770944627,230203,0.0000,1.0
2017-10-24,125.95,126.36,125.46,125.65,119.875889696,221640,0.0000,1.0
2017-10-23,124.53,125.58,124.16,125.49,119.723242323,171367,0.0000,1.0
2017-10-20,123.36,124.69,123.2301,124.66,118.931384078,145602,0.0000,1.0
2017-10-19,122.66,123.375,122.215,122.88,117.23318206,182783,0.0000,1.0
2017-10-18,123.3,123.74,122.73,123.37,117.700664638,158146,0.0000,1.0
2017-10-17,122.51,123.62,122.51,123.11,117.452612657,195416,0.0000,1.0
2017-10-16,122.41,123.73,122.265,123.22,117.557557726,257044,0.0000,1.0
2017-10-13,121.56,122.2,121.56,122.14,116.527187962,323594,0.0000,1.0
2017-10-12,122.57,123.335,121.76,121.93,116.326838286,257794,0.0000,1.0
2017-10-11,122.29,123.01,121.54,122.36,116.737078099,178948,0.0000,1.0
2017-10-10,122.54,122.81,121.92,122.29,116.670294874,254532,0.0000,1.0
2017-10-09,122.14,122.325,121.44,122.07,116.460404736,157176,0.0000,1.0
2017-10-06,120.99,122.91,120.99,121.84,116.240974138,329266,0.0000,1.0
2017-10-05,121.29,121.83,120.92,121.77,116.174190913,163647,0.0000,1.0
2017-10-04,120.25,121.21,119.57,121.08,115.515899119,196173,0.0000,1.0
2017-10-03,119.21,119.98,118.77,119.92,114.409205669,249286,0.0000,1.0
2017-10-02,118.51,119.6228,118.51,119.24,113.760454336,164867,0.0000,1.0
2017-09-29,119.0,119.43,118.13,118.5,113.054460238,295579,0.0000,1.0
2017-09-28,118.8,119.23,118.41,118.97,113.502861895,276871,0.0000,1.0
2017-09-27,118.44,119.32,117.94,118.75,113.292971758,213984,0.0000,1.0
2017-09-26,118.35,118.75,117.87,118.06,112.634679964,253092,0.0000,1.0
2017-09-25,117.03,118.28,117.0201,118.23,112.796867797,195701,0.0000,1.0
2017-09-22,116.64,117.73,116.4,117.21,111.823740798,170420,0.0000,1.0
2017-09-21,117.47,117.65,116.55,116.66,111.299015455,238628,0.0000,1.0
2017-09-20,116.13,117.63,115.72,117.51,112.109954621,315438,0.0000,1.0
2017-09-19,114.49,115.49,114.14,114.62,109.352761456,234081,0.0000,1.0
2017-09-18,113.42,114.64,113.41,114.5,109.238275926,192266,0.0000,1.0
2017-09-15,112.51,113.65,112.17,113.2,107.998016025,678788,0.0000,1.0
2017-09-14,113.19,113.28,112.38,112.85,107.664099898,320274,0.0000,1.0
2017-09-13,112.84,113.4,112.3,112.58,107.406507457,256112,0.0000,1.0
2017-09-12,111.6,113.03,111.35,112.78,107.597316672,250240,0.0000,1.0
2017-09-11,110.15,111.96,110.15,111.25,106.137626173,287736,0.0000,1.0
2017-09-08,108.5,110.0999,108.49,109.57,104.534828762,258632,0.0000,1.0
2017-09-07,109.26,109.98,107.745,109.26,104.239074478,381353,0.0000,1.0
2017-09-06,109.24,109.98,108.34,109.48,104.448964615,369290,0.0000,1.0
2017-09-05,110.37,110.84,108.1501,109.15,104.134129409,286527,0.0000,1.0
2017-09-01,109.28,110.83,109.28,110.27,105.202661017,313642,0.0000,1.0
2017-08-31,109.01,109.61,108.2,109.3,104.277236321,282666,0.0000,1.0
2017-08-30,108.45,108.77,107.46,108.65,103.65710637,235354,0.0000,1.0
2017-08-29,108.7,109.14,107.16,108.32,103.342271164,418726,0.0000,1.0
2017-08-28,109.34,109.845,108.865,109.18,104.162750792,278485,0.0000,1.0
2017-08-25,108.75,109.4099,107.86,108.84,103.838375125,487698,0.0000,1.0
2017-08-24,109.78,110.7139,108.35,108.57,103.580782684,599428,0.0000,1.0
2017-08-23,112.0,112.32,108.74,108.97,103.962401115,1057392,0.0000,1.0
2017-08-22,116.05,116.76,111.22,111.5,106.376137692,2680700,0.0000,1.0
2017-08-21,123.93,125.83,123.93,125.12,119.370245274,391291,0.0000,1.0
2017-08-18,124.58,125.9943,122.27,124.13,118.425739657,259412,0.3000,1.0
2017-08-17,127.17,127.55,125.13,125.5,119.444107747,292148,0.0000,1.0
2017-08-16,128.21,129.35,127.225,127.95,121.775885149,216278,0.0000,1.0
2017-08-15,129.8,130.22,128.5,128.51,122.308862841,190552,0.0000,1.0
2017-08-14,128.49,130.41,128.1,129.86,123.593719777,236400,0.0000,1.0
2017-08-11,127.07,128.455,125.14,127.68,121.518913762,233748,0.0000,1.0
2017-08-10,127.86,128.48,126.15,126.73,120.614755177,160274,0.0000,1.0
2017-08-09,127.81,128.88,127.69,128.42,122.223205712,160189,0.0000,1.0
2017-08-08,128.72,129.63,127.735,128.33,122.137548583,260152,0.0000,1.0
2017-08-07,128.16,129.41,127.38,129.1,122.870392909,159547,0.0000,1.0
2017-08-04,127.53,128.935,127.0,128.31,122.118513665,162833,0.0000,1.0
2017-08-03,127.83,128.1,126.73,127.48,121.328564586,162675,0.0000,1.0
2017-08-02,126.84,128.03,125.8,127.95,121.775885149,231834,0.0000,1.0
2017-08-01,127.33,127.93,126.63,126.83,120.709929765,290635,0.0000,1.0
2017-07-31,125.24,127.28,124.21,127.0,120.871726565,331879,0.0000,1.0
2017-07-28,125.23,125.27,123.72,124.95,118.920647514,181806,0.0000,1.0
2017-07-27,124.45,126.94,124.16,125.73,119.663009299,227406,0.0000,1.0
2017-07-26,126.54,126.89,124.35,124.45,118.444774575,187229,0.0000,1.0
2017-07-25,125.59,126.91,124.85,126.5,120.395853625,386667,0.0000,1.0
2017-07-24,123.79,125.56,123.79,125.31,119.26327603,297461,0.0000,1.0
2017-07-21,123.54,124.06,123.165,123.98,117.997454012,208363,0.0000,1.0
2017-07-20,123.9,124.32,122.76,123.84,117.864209589,137045,0.0000,1.0
2017-07-19,121.99,123.76,121.68,123.68,117.711930248,168343,0.0000,1.0
2017-07-18,122.75,122.765,121.5,121.8,115.922647997,202110,0.0000,1.0
2017-07-17,122.58,123.91,121.8211,122.89,116.960051004,256332,0.0000,1.0
2017-07-14,122.31,122.78,121.96,122.13,116.236724137,169137,0.0000,1.0
2017-07-13,122.54,123.11,121.02,122.09,116.198654301,241295,0.0000,1.0
2017-07-12,123.26,124.35,123.15,123.21,117.264609685,228751,0.0000,1.0
2017-07-11,120.46,122.88,119.665,122.81,116.883911334,453244,0.0000,1.0
2017-07-10,120.35,121.57,120.04,120.55,114.732965649,360579,0.0000,1.0
2017-07-07,119.41,121.009,119.24,120.75,114.923314824,313266,0.0000,1.0
2017-07-06,120.23,121.52,118.415,119.3,113.543283301,797760,0.0000,1.0
2017-07-05,121.12,121.9,120.16,120.86,115.028006871,389490,0.0000,1.0
2017-07-03,121.91,122.15,120.21,120.24,114.437924426,177739,0.0000,1.0
2017-06-30,119.66,122.25,119.54,121.32,115.465809975,304286,0.0000,1.0
2017-06-29,121.13,121.15,118.41,119.07,113.324381748,514575,0.0000,1.0
2017-06-28,121.13,122.03,115.3853,121.13,115.284978258,310040,0.0000,1.0
2017-06-27,122.16,122.24,120.46,120.47,114.656825978,468265,0.0000,1.0
2017-06-26,122.11,122.2699,121.105,122.05,116.160584466,519330,0.0000,1.0
2017-06-23,120.12,122.65,119.1801,121.83,115.951200373,682516,0.0000,1.0
2017-06-22,118.66,120.19,117.86,120.12,114.323714921,521533,0.0000,1.0
2017-06-21,118.88,119.38,117.87,118.67,112.943683397,504192,0.0000,1.0
2017-06-20,118.76,119.32,118.08,118.77,113.038857985,488329,0.0000,1.0
2017-06-19,117.91,119.22,117.91,119.14,113.39100396,573561,0.0000,1.0
2017-06-16,117.83,118.63,116.8,117.71,112.030007354,648242,0.0000,1.0
2017-06-15,115.65,118.42,115.65,117.72,112.039524813,662221,0.0000,1.0
2017-06-14,117.22,117.47,115.56,116.3,110.688045665,658102,0.0000,1.0
2017-06-13,116.05,117.43,115.45,117.13,111.477994744,533637,0.0000,1.0
2017-06-12,115.13,115.73,113.87,115.51,109.936166421,539731,0.0000,1.0
2017-06-09,115.92,117.15,115.05,115.29,109.726782328,280373,0.0000,1.0
2017-06-08,114.66,116.31,114.07,115.73,110.145550514,339869,0.0000,1.0
2017-06-07,116.0,116.0,113.69,114.28,108.765518991,300851,0.0000,1.0
2017-06-06,116.34,116.6977,114.86,115.81,110.221690185,494570,0.0000,1.0
2017-06-05,117.38,117.47,116.2,116.71,111.078261475,384568,0.0000,1.0
2017-06-02,118.09,118.7999,116.51,117.35,111.687378838,503109,0.0000,1.0
2017-06-01,116.14,117.43,115.49,117.43,111.763518508,460271,0.0000,1.0
2017-05-31,118.82,118.93,115.86,115.88,110.288312396,427392,0.0000,1.0
2017-05-30,119.07,119.75,117.96,118.68,112.953200856,238660,0.0000,1.0
2017-05-26,119.85,120.97,118.44,119.53,113.762184853,220530,0.0000,1.0
2017-05-25,121.09,122.38,119.34,120.21,114.40937205,329328,0.2700,1.0
2017-05-24,122.02,123.42,120.9,121.02,114.92216306,556531,0.0000,1.0
2017-05-23,129.95,129.95,120.1,121.71,115.577396018,1200893,0.0000,1.0
2017-05-22,129.9,131.49,128.88,131.06,124.456277398,306263,0.0000,1.0
2017-05-19,128.32,129.86,127.66,129.3,122.78495855,180098,0.0000,1.0
2017-05-18,126.97,128.58,119.841,127.75,121.313058428,175683,0.0000,1.0
2017-05-17,129.33,129.81,127.52,127.66,121.227593259,132310,0.0000,1.0
2017-05-16,130.35,131.4,129.83,131.04,124.437285138,192826,0.0000,1.0
2017-05-15,129.89,130.58,129.5,129.76,123.221780521,157152,0.0000,1.0
2017-05-12,129.56,129.83,128.04,129.31,122.794454679,103839,0.0000,1.0
2017-05-11,130.14,130.33,127.935,129.95,123.402206988,171055,0.0000,1.0
2017-05-10,128.11,130.61,127.73,130.49,123.914997998,284299,0.0000,1.0
2017-05-09,128.26,129.0,127.52,128.08,121.626430712,211663,0.0000,1.0
2017-05-08,128.4,129.7183,127.72,127.99,121.540965543,194457,0.0000,1.0
2017-05-05,128.04,129.49,127.235,128.37,121.901818476,189196,0.0000,1.0
2017-05-04,126.68,128.0,125.96,127.89,121.446004245,179951,0.0000,1.0
2017-05-03,126.14,126.82,124.655,126.67,120.287476407,179869,0.0000,1.0
2017-05-02,125.75,126.54,123.8375,126.46,120.088057681,222987,0.0000,1.0
2017-05-01,125.46,127.3,124.53,125.81,119.470809243,173707,0.0000,1.0
2017-04-28,125.51,126.02,124.48,125.2,118.891545324,310106,0.0000,1.0
2017-04-27,125.25,126.56,124.43,125.63,119.299878906,170777,0.0000,1.0
2017-04-26,123.19,125.73,120.56,125.14,118.834568545,231058,0.0000,1.0
2017-04-25,124.23,125.3,123.0,123.17,116.963830971,359330,0.0000,1.0
2017-04-24,123.77,124.145,122.64,123.35,117.134761308,209096,0.0000,1.0
2017-04-21,122.39,122.39,121.0401,121.49,115.368481162,194268,0.0000,1.0
2017-04-20,121.76,122.49,121.255,121.67,115.539411498,257081,0.0000,1.0
2017-04-19,121.45,121.935,120.7,121.08,114.979139839,209475,0.0000,1.0
2017-04-18,120.0,121.1,119.22,120.81,114.722744334,224595,0.0000,1.0
2017-04-17,119.53,120.6,119.01,120.23,114.171968804,338447,0.0000,1.0
2017-04-13,120.02,120.63,118.7701,118.95,112.956464188,180040,0.0000,1.0
2017-04-12,123.15,123.15,119.74,120.08,114.029526857,298229,0.0000,1.0
2017-04-11,121.73,123.0,121.2,123.0,116.802396764,282611,0.0000,1.0
2017-04-10,122.72,122.97,121.33,122.0,115.852783782,210086,0.0000,1.0
2017-04-07,121.36,122.78,121.36,122.22,116.061698638,196485,0.0000,1.0
2017-04-06,121.14,122.595,120.725,121.91,115.767318614,169143,0.0000,1.0
2017-04-05,123.23,124.01,120.73,121.0,114.9031708,330842,0.0000,1.0
2017-04-04,121.89,123.55,121.87,122.53,116.356078663,341235,0.0000,1.0
2017-04-03,123.29,124.35,121.51,122.09,115.938248951,466415,0.0000,1.0
2017-03-31,123.09,123.53,122.48,122.84,116.650458687,339857,0.0000,1.0
2017-03-30,122.47,123.835,120.7018,123.14,116.935342582,167898,0.0000,1.0
2017-03-29,122.46,122.99,121.55,122.28,116.118675417,264851,0.0000,1.0
2017-03-28,121.09,123.04,120.655,122.51,116.337086403,189397,0.0000,1.0
2017-03-27,120.5,121.79,118.8,121.27,115.159566306,239858,0.0000,1.0
2017-03-24,123.31,124.43,121.98,122.35,116.185148326,299198,0.0000,1.0
2017-03-23,122.13,123.28,121.167,123.03,116.830885154,238722,0.0000,1.0
2017-03-22,121.39,122.59,120.47,122.32,116.156659936,244531,0.0000,1.0
2017-03-21,125.77,125.87,121.77,122.06,115.909760561,258005,0.0000,1.0
2017-03-20,125.82,126.45,124.91,125.26,118.948522103,118636,0.0000,1.0
2017-03-17,126.72,126.72,125.22,126.22,119.860150566,626474,0.0000,1.0
2017-03-16,127.5,127.5,125.94,126.78,120.391933835,157162,0.0000,1.0
2017-03-15,126.06,127.1225,125.0,126.83,120.439414484,301298,0.0000,1.0
2017-03-14,125.36,125.65,124.445,125.26,118.948522103,119751,0.0000,1.0
2017-03-13,124.28,125.96,124.06,125.88,119.537282152,270797,0.0000,1.0
2017-03-10,124.51,125.05,122.62,124.28,118.017901381,254467,0.0000,1.0
2017-03-09,124.0,124.73,123.5401,123.93,117.685536837,402922,0.0000,1.0
2017-03-08,124.71,125.13,123.83,124.2,117.941932342,205531,0.0000,1.0
2017-03-07,124.53,124.845,123.1201,124.37,118.103366549,186207,0.0000,1.0
2017-03-06,124.06,124.95,123.0092,124.78,118.492707872,224187,0.0000,1.0
2017-03-03,123.96,125.11,123.81,125.03,118.730111117,386194,0.0000,1.0
2017-03-02,124.43,124.43,122.502,123.75,117.5146065,640723,0.0000,1.0
2017-03-01,121.8,124.8,121.8,124.71,118.426234963,377438,0.0000,1.0
2017-02-28,121.4,121.82,120.01,120.04,113.991542338,342412,0.0000,1.0
2017-02-27,120.34,121.9557,119.99,121.73,115.596388277,239028,0.0000,1.0
2017-02-24,118.01,120.78,118.01,120.6,114.523325608,240339,0.0000,1.0
2017-02-23,120.96,120.96,118.1991,119.19,113.184371303,306277,0.0000,1.0
2017-02-22,119.31,120.43,118.09,120.31,114.247937843,225746,0.0000,1.0
2017-02-21,120.5,120.73,117.87,120.04,113.991542338,670779,0.0000,1.0
2017-02-17,118.63,120.22,118.02,119.95,113.90607717,291160,0.0000,1.0
2017-02-16,117.82,120.91,117.79,119.18,113.174875174,240419,0.2700,1.0
2017-02-15,117.14,120.4,117.14,119.93,113.629659101,363810,0.0000,1.0
2017-02-14,116.91,116.91,115.67,116.52,110.398798286,155698,0.0000,1.0
2017-02-13,117.0,118.0,116.46,117.13,110.97675286,279680,0.0000,1.0
2017-02-10,115.04,116.59,114.7,116.47,110.35142496,206193,0.0000,1.0
2017-02-09,114.27,115.2,113.5359,114.92,108.882851862,252724,0.0000,1.0
2017-02-08,113.36,114.4,112.77,113.65,107.679569389,133318,0.0000,1.0
2017-02-07,114.15,114.4175,112.6,113.53,107.565873407,194405,0.0000,1.0
2017-02-06,114.67,115.47,112.64,114.05,108.058555994,177317,0.0000,1.0
2017-02-03,114.34,115.415,113.3575,115.26,109.204990477,148072,0.0000,1.0
2017-02-02,113.85,113.92,112.25,113.35,107.395329434,202417,0.0000,1.0
2017-02-01,115.07,115.82,112.23,113.74,107.764841375,292994,0.0000,1.0
2017-01-31,114.26,115.26,112.28,113.53,107.565873407,390854,0.0000,1.0
2017-01-30,114.08,114.83,112.01,114.67,108.645985234,212636,0.0000,1.0
2017-01-27,115.58,115.695,113.625,114.97,108.930225188,221552,0.0000,1.0
2017-01-26,115.79,115.79,114.54,115.25,109.195515812,213336,0.0000,1.0
2017-01-25,114.48,115.84,112.075,115.58,109.508179762,191661,0.0000,1.0
2017-01-24,112.12,114.03,111.68,113.74,107.764841375,188916,0.0000,1.0
2017-01-23,111.2,112.43,110.41,111.44,105.585668391,138664,0.0000,1.0
2017-01-20,111.67,112.55,110.96,111.35,105.500396405,172071,0.0000,1.0
2017-01-19,112.02,112.37,110.87,111.67,105.80358569,173378,0.0000,1.0
2017-01-18,111.52,112.74,111.08,111.85,105.974129662,268451,0.0000,1.0
2017-01-17,112.44,112.93,110.75,111.41,105.557244396,180428,0.0000,1.0
2017-01-13,112.87,114.4,112.52,113.56,107.594297402,253428,0.0000,1.0
2017-01-12,114.18,114.18,109.89,112.26,106.362590933,319905,0.0000,1.0
2017-01-11,112.89,114.85,112.805,114.5,108.484915926,290674,0.0000,1.0
2017-01-10,110.77,113.5,110.43,112.5,106.589982897,305867,0.0000,1.0
2017-01-09,111.2,111.31,110.07,110.24,104.448708574,269648,0.0000,1.0
2017-01-06,111.07,113.32,111.0,111.92,106.040452318,276635,0.0000,1.0
2017-01-05,114.18,115.51,111.12,111.41,105.557244396,467604,0.0000,1.0
2017-01-04,113.59,116.01,113.46,115.94,109.849267707,363818,0.0000,1.0
2017-01-03,113.52,114.93,112.07,113.42,107.46165209,233890,0.0000,1.0
2016-12-30,113.52,113.77,111.93,112.05,106.163622965,259558,0.0000,1.0
2016-12-29,112.94,113.18,111.82,112.91,106.978444168,151000,0.0000,1.0
2016-12-28,113.86,115.21,112.4,112.52,106.608932227,152417,0.0000,1.0
2016-12-27,114.22,115.6,113.8,114.08,108.08697999,174665,0.0000,1.0
2016-12-23,114.36,115.04,113.19,114.45,108.4375426,185766,0.0000,1.0
2016-12-22,115.17,115.28,113.37,114.4,108.390169275,244522,0.0000,1.0
2016-12-21,114.22,115.69,113.66,114.99,108.949174518,294652,0.0000,1.0
2016-12-20,114.08,115.18,114.08,114.63,108.608086573,207515,0.0000,1.0
2016-12-19,112.45,114.8,112.02,114.12,108.124878651,358808,0.0000,1.0
2016-12-16,114.79,114.93,112.38,112.49,106.580508232,963387,0.0000,1.0
2016-12-15,110.77,114.06,109.5565,113.91,107.925910682,508618,0.0000,1.0
2016-12-14,110.56,114.42,108.94,110.38,104.581353886,1659740,0.2700,1.0
2016-12-13,104.62,105.74,103.76,104.54,98.8064594236,742751,0.0000,1.0
2016-12-12,106.01,106.88,104.801,104.94,99.1845212542,319141,0.0000,1.0
2016-12-09,109.83,110.43,106.52,106.65,100.80073558,382560,0.0000,1.0
2016-12-08,110.28,110.4,108.73,109.53,103.52278076,200015,0.0000,1.0
2016-12-07,109.15,110.21,107.48,109.75,103.730714767,238601,0.0000,1.0
2016-12-06,107.32,109.5,107.08,109.41,103.409362211,199549,0.0000,1.0
2016-12-05,106.48,108.08,105.81,107.44,101.547407695,203099,0.0000,1.0
2016-12-02,107.25,107.39,105.85,106.04,100.224191288,233556,0.0000,1.0
2016-12-01,107.32,108.45,106.66,107.13,101.254409777,314717,0.0000,1.0
2016-11-30,107.78,108.89,106.73,106.73,100.876347946,192181,0.0000,1.0
2016-11-29,108.0,108.52,107.55,107.62,101.717535519,151432,0.0000,1.0
2016-11-28,109.51,109.7,108.2701,108.43,102.483110726,291275,0.0000,1.0
2016-11-25,109.79,110.65,109.26,110.56,104.496289974,111884,0.0000,1.0
2016-11-23,108.3,109.99,108.3,109.86,103.83468177,270517,0.0000,1.0
2016-11-22,108.0,108.92,107.34,108.86,102.889527194,135755,0.0000,1.0
2016-11-21,107.48,108.15,106.88,107.65,101.745890156,153441,0.0000,1.0
2016-11-18,107.33,107.33,105.46,106.7,100.847993309,166478,0.0000,1.0
2016-11-17,108.28,108.69,106.6498,107.42,101.528504604,210440,0.0000,1.0
2016-11-16,108.05,108.68,106.9,108.07,102.142855078,150093,0.0000,1.0
2016-11-15,108.22,108.22,107.1,107.99,102.067242712,162816,0.0000,1.0
2016-11-14,106.81,108.13,106.81,107.71,101.802599431,284950,0.0000,1.0
2016-11-11,103.37,106.0,103.37,105.66,99.8650325492,371777,0.0000,1.0
2016-11-10,102.21,103.85,100.76,103.27,97.6061131115,348170,0.0000,1.0
2016-11-09,99.02,101.27,96.348,100.96,95.4228060398,387415,0.0000,1.0
2016-11-08,98.86,100.59,98.0179,99.88,94.4020390972,172892,0.0000,1.0
2016-11-07,98.16,99.48,98.05,99.31,93.8633009887,230218,0.0000,1.0
2016-11-04,97.06,97.814,96.05,96.43,91.1412558084,199813,0.0000,1.0
2016-11-03,97.26,99.35,96.59,96.96,91.642187734,101596,0.0000,1.0
2016-11-02,97.02,97.95,96.68,96.89,91.5760269136,150515,0.0000,1.0
2016-11-01,100.55,100.55,96.99,97.43,92.0864103849,180921,0.0000,1.0
2016-10-31,99.24,100.52,98.68,100.13,94.6383277414,486893,0.0000,1.0
2016-10-28,99.71,100.81,98.77,98.91,93.4852391581,273215,0.0000,1.0
2016-10-27,100.49,100.96,99.18,99.64,94.1752019989,223107,0.0000,1.0
2016-10-26,99.66,101.3,99.66,100.34,94.8368102024,200984,0.0000,1.0
2016-10-25,100.51,101.24,99.77,100.35,94.8462617482,243393,0.0000,1.0
2016-10-24,100.9,102.57,100.18,100.85,95.3188390364,188904,0.0000,1.0
2016-10-21,99.53,100.63,99.395,100.46,94.9502287516,224876,0.0000,1.0
2016-10-20,100.1,101.11,99.695,100.5,94.9880349347,402629,0.0000,1.0
2016-10-19,96.23,100.79,96.01,100.51,94.9974864804,599142,0.0000,1.0
2016-10-18,97.11,97.11,96.1,96.29,91.0089341677,168428,0.0000,1.0
2016-10-17,96.03,96.58,95.35,96.06,90.7915486152,163892,0.0000,1.0
2016-10-14,96.06,97.22,95.92,96.1,90.8293547982,198999,0.0000,1.0
2016-10-13,96.4,96.43,95.46,95.76,90.5080022422,233427,0.0000,1.0
2016-10-12,97.38,98.02,96.62,97.43,92.0864103849,131612,0.0000,1.0
2016-10-11,98.41,98.41,96.41,97.05,91.7272516459,149757,0.0000,1.0
2016-10-10,99.59,100.6499,98.5,98.57,93.1638866021,118654,0.0000,1.0
2016-10-07,100.64,101.97,98.73,99.04,93.608109253,309883,0.0000,1.0
2016-10-06,99.96,100.76,98.82,100.59,95.0730988465,134705,0.0000,1.0
2016-10-05,99.38,100.66,97.97,100.25,94.7517462905,162152,0.0000,1.0
2016-10-04,99.23,99.76,98.15,98.7,93.286756697,183133,0.0000,1.0
2016-10-03,99.87,100.18,98.91,99.01,93.5797546157,290101,0.0000,1.0
2016-09-30,100.0,100.09,99.14,99.63,94.1657504531,263477,0.0000,1.0
2016-09-29,99.86,100.4,98.84,99.39,93.9389133548,179307,0.0000,1.0
2016-09-28,99.34,100.45,98.63,100.28,94.7801009278,167317,0.0000,1.0
2016-09-27,98.04,99.09,97.45,99.05,93.6175607988,148149,0.0000,1.0
2016-09-26,97.73,98.8,97.13,97.94,92.5684392189,121413,0.0000,1.0
2016-09-23,100.29,100.5,98.3,98.43,93.0315649614,194062,0.0000,1.0
2016-09-22,99.78,101.19,99.045,100.99,95.4511606771,279977,0.0000,1.0
2016-09-21,97.54,98.8,97.3053,98.75,93.3340144258,194888,0.0000,1.0
2016-09-20,98.2,98.2,97.0,97.05,91.7272516459,197492,0.0000,1.0
2016-09-19,97.03,98.3219,97.01,97.53,92.1809258426,152478,0.0000,1.0
2016-09-16,96.17,96.78,95.38,96.28,90.999482622,481479,0.0000,1.0
2016-09-15,95.43,97.21,95.17,96.86,91.5476722763,204527,0.0000,1.0
2016-09-14,95.57,96.21,94.56,95.27,90.0448764997,260073,0.0000,1.0
2016-09-13,96.98,98.62,95.015,95.3,90.073231137,208190,0.0000,1.0
2016-09-12,96.22,97.71,94.9,97.64,92.284892846,196024,0.0000,1.0
2016-09-09,97.98,98.01,95.87,95.93,90.6686785202,196998,0.0000,1.0
2016-09-08,99.92,99.92,98.87,99.08,93.6459154361,162851,0.0000,1.0
2016-09-07,100.14,101.98,99.8,99.9,94.4209421888,333677,0.0000,1.0
2016-09-06,100.57,101.45,99.39,100.01,94.5249091922,279529,0.0000,1.0
2016-09-02,99.85,100.59,99.59,100.57,95.054195755,243893,0.0000,1.0
2016-09-01,99.07,99.27,98.01,99.19,93.7498824395,237077,0.0000,1.0
2016-08-31,98.83,99.34,98.16,98.73,93.3151113343,196293,0.0000,1.0
2016-08-30,99.98,100.0,98.49,99.14,93.7026247107,362261,0.0000,1.0
2016-08-29,99.88,100.84,99.44,99.76,94.2886205481,300588,0.0000,1.0
2016-08-26,99.83,100.85,99.01,99.56,94.0995896328,224052,0.0000,1.0
2016-08-25,99.0,100.19,98.78,100.08,94.5910700125,334877,0.0000,1.0
2016-08-24,101.57,101.88,99.12,99.98,94.4965545549,439209,0.0000,1.0
2016-08-23,97.0,102.2,96.16,101.96,96.3679606163,1745256,0.0000,1.0
2016-08-22,91.99,92.91,90.14,92.25,87.1905096788,698935,0.0000,1.0
2016-08-19,90.74,92.31,90.391,92.2,87.14325195,289532,0.2700,1.0
2016-08-18,89.95,91.32,89.95,91.15,85.8992907456,176125,0.0000,1.0
2016-08-17,90.53,90.7699,89.87,90.1,84.9097761511,130886,0.0000,1.0
2016-08-16,90.91,91.25,90.19,90.39,85.1830706582,121689,0.0000,1.0
2016-08-15,90.93,91.48,90.6,91.02,85.7767794148,222699,0.0000,1.0
2016-08-12,91.38,91.38,90.185,90.59,85.3715496285,169828,0.0000,1.0
2016-08-11,90.97,91.54,90.63,91.29,86.0312260248,170682,0.0000,1.0
2016-08-10,90.69,90.86,89.98,90.79,85.5600285989,137155,0.0000,1.0
2016-08-09,90.99,90.99,89.82,90.39,85.1830706582,160105,0.0000,1.0
2016-08-08,90.61,91.22,90.17,90.78,85.5506046504,152642,0.0000,1.0
2016-08-05,89.37,90.64,88.92,90.39,85.1830706582,187789,0.0000,1.0
2016-08-04,88.25,89.83,88.14,88.8,83.6846628437,190425,0.0000,1.0
2016-08-03,88.07,88.655,87.76,88.31,83.2228893663,152437,0.0000,1.0
2016-08-02,88.23,88.83,87.76,87.95,82.8836272197,246435,0.0000,1.0
2016-08-01,88.15,88.625,87.63,88.3,83.2134654178,133575,0.0000,1.0
2016-07-29,88.56,88.7699,87.51,88.29,83.2040414693,246206,0.0000,1.0
2016-07-28,88.69,88.955,88.04,88.42,83.3265528,124434,0.0000,1.0
2016-07-27,88.69,89.415,88.09,88.87,83.7506304834,215051,0.0000,1.0
2016-07-26,87.31,88.62,87.027,88.58,83.4773359763,172883,0.0000,1.0
2016-07-25,88.0,88.17,86.96,87.3,82.271070566,123785,0.0000,1.0
2016-07-22,86.66,88.14,85.93,88.12,83.0438343445,187789,0.0000,1.0
2016-07-21,86.26,87.205,85.97,86.65,81.6585139123,203451,0.0000,1.0
2016-07-20,86.16,86.86,85.83,86.68,81.6867857578,168310,0.0000,1.0
2016-07-19,86.39,86.57,85.72,86.0,81.0459572586,94974,0.0000,1.0
2016-07-18,86.74,86.74,86.1,86.42,81.4417630963,97943,0.0000,1.0
2016-07-15,86.94,87.11,86.43,86.69,81.6962097063,107501,0.0000,1.0
2016-07-14,87.1,87.6921,86.47,86.48,81.4983067875,180002,0.0000,1.0
2016-07-13,87.62,87.67,86.28,86.42,81.4417630963,205023,0.0000,1.0
2016-07-12,87.0,88.08,86.83,87.56,82.5160932274,234235,0.0000,1.0
2016-07-11,86.25,86.89,86.1516,86.5,81.5171546845,130366,0.0000,1.0
2016-07-08,84.58,85.9,84.58,85.88,80.9328698764,228523,0.0000,1.0
2016-07-07,84.17,84.91,83.095,83.88,79.0480801727,156201,0.0000,1.0
2016-07-06,82.03,83.92,81.48,83.81,78.982112533,246860,0.0000,1.0
2016-07-05,83.96,84.65,81.75,82.58,77.8229668653,164873,0.0000,1.0
2016-07-01,83.71,84.93,83.16,84.73,79.8491157967,298070,0.0000,1.0
2016-06-30,81.82,83.61,81.69,83.61,78.7936335627,269229,0.0000,1.0
2016-06-29,81.29,82.19,80.675,81.58,76.8805720134,231346,0.0000,1.0
2016-06-28,79.68,80.46,79.16,80.12,75.5046755297,286380,0.0000,1.0
2016-06-27,79.72,79.72,78.16,78.68,74.1476269431,393885,0.0000,1.0
2016-06-24,83.83,84.64,81.03,81.08,76.4093745875,547792,0.0000,1.0
2016-06-23,85.93,87.4,85.93,87.37,82.3370382056,295989,0.0000,1.0
2016-06-22,85.49,87.84,84.94,84.96,80.0658666127,142207,0.0000,1.0
2016-06-21,85.95,86.1,84.97,85.18,80.2731934801,138818,0.0000,1.0
2016-06-20,85.96,87.52,85.0417,86.1,81.1401967438,168858,0.0000,1.0
2016-06-17,84.8,85.19,84.09,84.66,79.7831481571,342278,0.0000,1.0
2016-06-16,84.34,85.445,83.38,84.58,79.707756569,214444,0.0000,1.0
2016-06-15,85.54,87.9999,84.8,85.0,80.1035624067,216156,0.0000,1.0
2016-06-14,84.39,85.165,84.261,84.9,80.0093229215,215031,0.0000,1.0
2016-06-13,84.75,86.29,84.72,84.85,79.962203179,318959,0.0000,1.0
2016-06-10,86.27,86.65,84.75,84.88,79.9904750245,417369,0.0000,1.0
2016-06-09,87.01,88.56,86.7,86.96,81.9506563163,476651,0.0000,1.0
2016-06-08,87.96,88.82,87.69,87.8,82.7422679919,531609,0.0000,1.0
2016-06-07,88.65,88.88,87.84,87.96,82.8930511682,739909,0.0000,1.0
2016-06-06,88.23,88.87,87.85,88.49,83.3925204397,301792,0.0000,1.0
2016-06-03,88.21,88.21,86.93,87.88,82.81765958,283331,0.0000,1.0
2016-06-02,87.02,88.25,86.73,88.25,83.1663456752,303582,0.0000,1.0
2016-06-01,86.27,87.3,85.61,87.03,82.016623956,345630,0.0000,1.0
2016-05-31,86.8,88.25,85.8,86.98,81.9695042134,488322,0.0000,1.0
2016-05-27,87.39,89.2,87.18,88.47,83.3736725426,479889,0.0000,1.0
2016-05-26,87.12,88.45,86.53,88.13,83.053258293,388462,0.0000,1.0
2016-05-25,87.41,88.92,86.9,87.88,82.81765958,720347,0.2400,1.0
2016-05-24,83.74,87.88,81.76,87.61,82.3383472062,1914100,0.0000,1.0
2016-05-23,75.93,76.73,75.657,76.18,71.5961110623,465956,0.0000,1.0
2016-05-20,75.12,76.0499,75.12,75.74,71.1825866613,396030,0.0000,1.0
2016-05-19,75.63,75.97,74.49,75.08,70.5623000598,305556,0.0000,1.0
2016-05-18,76.26,77.53,75.52,75.93,71.3611540163,275318,0.0000,1.0
2016-05-17,77.32,78.25,76.1,76.46,71.8592629538,290084,0.0000,1.0
2016-05-16,77.26,78.41,77.26,77.66,72.9870567747,190992,0.0000,1.0
2016-05-13,78.07,78.46,76.81,77.21,72.5641340919,176986,0.0000,1.0
2016-05-12,77.8,78.585,77.1601,78.15,73.4475725849,212628,0.0000,1.0
2016-05-11,77.31,78.265,77.21,77.6,72.9306670836,225109,0.0000,1.0
2016-05-10,76.41,77.77,76.024,77.77,73.0904378749,203953,0.0000,1.0
2016-05-09,75.78,76.65,75.3101,76.37,71.7746784172,164499,0.0000,1.0
2016-05-06,75.5,76.275,75.284,76.18,71.5961110623,254484,0.0000,1.0
2016-05-05,76.05,76.57,75.57,75.83,71.2671711978,180875,0.0000,1.0
2016-05-04,76.48,77.3,75.5,75.6,71.0510107155,269263,0.0000,1.0
2016-05-03,76.99,77.615,76.17,76.81,72.1882028182,181371,0.0000,1.0
2016-05-02,76.81,77.89,76.3442,77.77,73.0904378749,167466,0.0000,1.0
2016-04-29,77.26,77.64,76.25,76.73,72.1130165635,771399,0.0000,1.0
2016-04-28,79.78,79.9,77.14,77.35,72.6957100376,296722,0.0000,1.0
2016-04-27,79.52,80.5,78.85,79.72,74.9231028339,249091,0.0000,1.0
2016-04-26,78.37,79.5,78.02,79.42,74.6411543787,212859,0.0000,1.0
2016-04-25,78.58,78.79,77.68,78.07,73.3723863302,208291,0.0000,1.0
2016-04-22,78.42,79.16,78.07,78.99,74.2370282595,229396,0.0000,1.0
2016-04-21,78.54,78.809,77.78,78.22,73.5133605578,334047,0.0000,1.0
2016-04-20,77.91,78.775,77.46,78.49,73.7671141675,265730,0.0000,1.0
2016-04-19,78.3,78.94,77.7078,77.95,73.2596069481,108477,0.0000,1.0
2016-04-18,77.65,78.41,77.65,78.03,73.3347932028,116262,0.0000,1.0
2016-04-15,77.63,78.23,77.2,78.05,73.3535897665,174052,0.0000,1.0
2016-04-14,77.79,77.95,77.2263,77.58,72.91187052,136788,0.0000,1.0
2016-04-13,77.28,77.99,76.58,77.92,73.2314121025,222508,0.0000,1.0
2016-04-12,75.45,77.23,74.76,76.76,72.141211409,287615,0.0000,1.0
2016-04-11,75.43,76.44,74.93,75.2,70.6750794419,157879,0.0000,1.0
2016-04-08,75.02,76.12,74.46,75.05,70.5341052143,151519,0.0000,1.0
2016-04-07,74.77,74.94,73.8,74.35,69.8762254854,247374,0.0000,1.0
2016-04-06,74.69,75.34,73.92,75.17,70.6468845964,197385,0.0000,1.0
2016-04-05,74.89,75.24,74.405,74.71,70.2145636317,230467,0.0000,1.0
2016-04-04,76.32,76.69,75.06,75.38,70.844248515,227711,0.0000,1.0
2016-04-01,75.4,76.52,74.72,76.41,71.8122715446,220163,0.0000,1.0
2016-03-31,76.2,76.89,75.6904,76.04,71.4645351165,279791,0.0000,1.0
2016-03-30,77.48,77.89,76.29,76.34,71.7464835717,243826,0.0000,1.0
2016-03-29,75.24,77.02,75.02,76.96,72.3291770458,558824,0.0000,1.0
2016-03-28,76.66,77.1867,75.02,75.54,70.9946210245,519250,0.0000,1.0
2016-03-24,75.91,76.78,75.06,76.77,72.1506096909,184956,0.0000,1.0
2016-03-23,77.1,77.83,75.9,76.28,71.6900938807,228491,0.0000,1.0
2016-03-22,76.88,77.705,76.72,77.38,72.7239048832,226369,0.0000,1.0
2016-03-21,77.39,77.74,76.22,77.46,72.7990911379,175269,0.0000,1.0
2016-03-18,76.72,77.98,76.72,77.61,72.9400653655,660076,0.0000,1.0
2016-03-17,75.05,77.35,74.226,77.24,72.5923289374,225154,0.0000,1.0
2016-03-16,73.7,75.32,73.4128,75.17,70.6468845964,211330,0.0000,1.0
2016-03-15,73.1,74.25,72.71,73.83,69.3875148297,223847,0.0000,1.0
2016-03-14,73.62,74.22,73.12,73.85,69.4063113934,158919,0.0000,1.0
2016-03-11,74.31,74.85,73.415,74.01,69.5566839028,198475,0.0000,1.0
2016-03-10,73.57,74.07,72.5,73.57,69.1431595019,280649,0.0000,1.0
2016-03-09,73.78,73.9,72.84,73.41,68.9927869924,201497,0.0000,1.0
2016-03-08,75.21,75.53,73.28,73.51,69.0867698108,283609,0.0000,1.0
2016-03-07,74.63,75.5,73.55,75.48,70.9382313334,450064,0.0000,1.0
2016-03-04,74.06,75.3,73.2444,74.93,70.4213258322,338135,0.0000,1.0
2016-03-03,73.5,74.33,73.12,74.08,69.6224718757,251671,0.0000,1.0
2016-03-02,72.81,73.47,72.04,73.42,69.0021852742,196886,0.0000,1.0
2016-03-01,72.2,73.24,71.515,73.21,68.8048213556,297021,0.0000,1.0
2016-02-29,71.63,72.24,70.76,71.67,67.3574859521,360594,0.0000,1.0
2016-02-26,71.07,71.91,70.69,71.8,67.4796636161,293416,0.0000,1.0
2016-02-25,70.51,70.97,69.57,70.64,66.3894629225,327986,0.0000,1.0
2016-02-24,69.84,70.72,68.49,70.33,66.0981161855,494095,0.0000,1.0
2016-02-23,68.7,71.35,68.0801,69.68,65.4872278658,925992,0.0000,1.0
2016-02-22,64.65,65.94,64.28,64.74,60.8444766365,615566,0.0000,1.0
2016-02-19,63.26,64.0,62.5,63.84,59.9986312709,299808,0.2400,1.0
2016-02-18,64.62,64.62,63.65,64.11,60.0267205177,188742,0.0000,1.0
2016-02-17,63.08,64.65,63.08,64.37,60.2701606571,274789,0.0000,1.0
2016-02-16,62.1,62.88,61.34,62.82,58.8188829032,218393,0.0000,1.0
2016-02-12,60.25,61.59,60.11,61.41,57.4986883013,208951,0.0000,1.0
2016-02-11,58.76,60.195,58.51,59.45,55.6635241737,416410,0.0000,1.0
2016-02-10,59.15,60.58,59.15,59.72,55.9163273954,370576,0.0000,1.0
2016-02-09,57.57,59.33,57.57,59.03,55.2702747179,365734,0.0000,1.0
2016-02-08,58.07,58.48,57.4,58.34,54.6242220403,313100,0.0000,1.0
2016-02-05,59.49,60.42,58.56,58.89,55.1391915659,216798,0.0000,1.0
2016-02-04,58.65,61.13,58.42,59.84,56.0286843828,258582,0.0000,1.0
2016-02-03,58.01,58.96,56.63,58.85,55.1017392368,214439,0.0000,1.0
2016-02-02,58.71,58.79,57.3,57.43,53.7721815525,195715,0.0000,1.0
2016-02-01,59.85,60.26,58.76,59.56,55.7665180789,231548,0.0000,1.0
2016-01-29,58.36,60.58,58.36,60.43,56.5811062375,589934,0.0000,1.0
2016-01-28,58.67,59.21,57.88,58.27,54.5586804643,177662,0.0000,1.0
2016-01-27,57.9,60.1,57.38,58.22,54.5118650529,475899,0.0000,1.0
2016-01-26,56.12,58.41,55.9901,58.17,54.4650496415,400494,0.0000,1.0
2016-01-25,56.43,57.42,55.53,55.74,52.1898206467,340052,0.0000,1.0
2016-01-22,56.96,58.1,56.41,57.12,53.4819260018,441956,0.0000,1.0
2016-01-21,53.98,56.22,53.24,55.84,52.2834514695,996989,0.0000,1.0
2016-01-20,54.0,54.62,51.89,53.75,50.3265672723,1265164,0.0000,1.0
2016-01-19,55.85,56.11,54.41,54.9,51.4033217349,358712,0.0000,1.0
2016-01-15,55.1,55.75,54.71,55.52,51.9838328364,522031,0.0000,1.0
2016-01-14,56.6,56.92,55.74,56.25,52.6673378431,523286,0.0000,1.0
2016-01-13,57.95,59.32,56.03,56.41,52.8171471596,330887,0.0000,1.0
2016-01-12,58.29,58.54,57.03,57.83,54.1467048439,262289,0.0000,1.0
2016-01-11,57.93,58.09,57.19,57.7,54.0249847742,360429,0.0000,1.0
2016-01-08,59.38,59.41,57.72,57.86,54.1747940907,685547,0.0000,1.0
2016-01-07,60.5,60.56,58.47,59.13,55.3639055407,751891,0.0000,1.0
2016-01-06,61.51,61.95,60.43,60.73,56.861998706,455347,0.0000,1.0
2016-01-05,63.57,64.57,62.23,62.41,58.4349965296,313480,0.0000,1.0
2016-01-04,63.49,64.14,62.54,63.35,59.3151262642,341773,0.0000,1.0
2015-12-31,64.5,64.96,63.81,64.15,60.0641728469,594675,0.0000,1.0
2015-12-30,64.64,64.88,64.24,64.57,60.4574223028,229992,0.0000,1.0
2015-12-29,64.74,65.29,64.16,64.7,60.5791423724,275424,0.0000,1.0
2015-12-28,65.14,65.14,64.14,64.49,60.3825176445,322327,0.0000,1.0
2015-12-24,65.58,65.75,65.07,65.42,61.2532842968,79603,0.0000,1.0
2015-12-23,65.0,66.03,64.335,65.53,61.3562782019,233600,0.0000,1.0
2015-12-22,63.74,64.82,63.08,64.52,60.4106068913,279571,0.0000,1.0
2015-12-21,63.82,64.69,63.145,63.54,59.4930248276,267415,0.0000,1.0
2015-12-18,63.61,64.31,63.3,63.64,59.5866556504,860018,0.2400,1.0
2015-12-17,65.1,65.1,64.19,64.22,59.9038044125,596274,0.0000,1.0
2015-12-16,64.16,65.17,63.99,64.87,60.5101182223,395886,0.0000,1.0
2015-12-15,64.29,64.74,62.96,63.6,59.3254743169,587169,0.0000,1.0
2015-12-14,63.04,64.29,62.68,63.74,59.4560649837,489933,0.0000,1.0
2015-12-11,63.91,65.38,62.715,63.54,59.2695068883,1153728,0.0000,1.0
2015-12-10,69.29,69.36,68.14,68.39,63.7935407002,410916,0.0000,1.0
2015-12-09,69.75,70.805,68.92,69.15,64.5024614625,382571,0.0000,1.0
2015-12-08,71.27,71.4499,68.74,69.99,65.2860054629,253906,0.0000,1.0
2015-12-07,71.64,72.24,70.86,72.01,67.1702422258,578649,0.0000,1.0
2015-12-04,70.81,72.39,70.81,72.08,67.2355375592,284902,0.0000,1.0
2015-12-03,72.71,73.105,71.14,71.14,66.3587145111,368051,0.0000,1.0
2015-12-02,72.93,73.6,72.13,72.6,67.7205886071,230761,0.0000,1.0
2015-12-01,72.63,73.51,72.53,73.2,68.2802628931,499364,0.0000,1.0
2015-11-30,72.82,73.27,72.21,72.53,67.6552932737,227685,0.0000,1.0
2015-11-27,72.21,73.24,71.9,72.56,67.683276988,94645,0.0000,1.0
2015-11-25,71.74,72.84,71.74,72.2,67.3474724164,218693,0.0000,1.0
2015-11-24,70.72,71.98,70.49,71.75,66.9277167019,201330,0.0000,1.0
2015-11-23,70.66,71.36,70.545,70.91,66.1441727015,581339,0.0000,1.0
2015-11-20,70.76,71.34,70.38,70.89,66.125516892,290926,0.0000,1.0
2015-11-19,69.55,70.87,69.21,70.59,65.8456797489,743815,0.0000,1.0
2015-11-18,68.64,69.6,68.61,69.37,64.7076753674,832360,0.0000,1.0
2015-11-17,70.39,70.93,68.8,69.05,64.4091824149,385092,0.0000,1.0
2015-11-16,69.47,70.58,69.28,70.06,65.3513007963,326401,0.0000,1.0
2015-11-13,69.58,70.56,69.1,69.7,65.0154962247,199669,0.0000,1.0
2015-11-12,71.2,71.47,69.44,69.65,64.9688567009,332412,0.0000,1.0
2015-11-11,73.06,73.06,71.85,71.93,67.0956189877,170549,0.0000,1.0
2015-11-10,71.8,72.81,71.58,72.81,67.9164746072,204835,0.0000,1.0
2015-11-09,73.19,74.24,71.72,72.16,67.3101607973,272334,0.0000,1.0
2015-11-06,72.73,73.49,72.02,73.22,68.2989187026,240595,0.0000,1.0
2015-11-05,72.94,73.41,72.52,73.1,68.1869838454,385512,0.0000,1.0
2015-11-04,73.03,73.725,72.69,72.97,68.0657210835,224162,0.0000,1.0
2015-11-03,72.68,73.63,72.12,72.88,67.9817699405,307904,0.0000,1.0
2015-11-02,71.11,72.14,70.3,72.01,67.1702422258,314727,0.0000,1.0
2015-10-30,70.51,71.43,69.0,71.24,66.4519935588,666025,0.0000,1.0
2015-10-29,70.54,71.39,69.43,70.55,65.8083681299,313609,0.0000,1.0
2015-10-28,69.22,70.95,69.22,70.94,66.1721564158,279241,0.0000,1.0
2015-10-27,68.81,69.7,68.41,69.0,64.362542891,318308,0.0000,1.0
2015-10-26,69.8,70.155,69.15,69.55,64.8755776532,285220,0.0000,1.0
2015-10-23,69.79,70.16,69.24,69.85,65.1554147962,247323,0.0000,1.0
2015-10-22,67.82,69.48,67.32,69.25,64.5957405102,222360,0.0000,1.0
2015-10-21,67.86,68.72,67.19,67.33,62.804782795,214181,0.0000,1.0
2015-10-20,67.21,68.26,67.16,67.59,63.0473083189,265827,0.0000,1.0
2015-10-19,66.48,67.674,65.78,67.39,62.8607502236,340040,0.0000,1.0
2015-10-16,67.1,67.596,66.27,66.98,62.4783061281,332619,0.0000,1.0
2015-10-15,67.21,67.63,65.87,67.23,62.7115037473,396326,0.0000,1.0
2015-10-14,67.37,67.7699,66.508,67.01,62.5062898424,179240,0.0000,1.0
2015-10-13,67.92,68.73,67.49,67.57,63.0286525094,177464,0.0000,1.0
2015-10-12,69.21,69.21,67.93,68.64,64.0267383194,133769,0.0000,1.0
2015-10-09,69.33,69.9718,68.086,69.1,64.4558219387,220860,0.0000,1.0
2015-10-08,67.56,69.21,65.04,69.12,64.4744777482,439583,0.0000,1.0
2015-10-07,66.96,68.53,66.34,67.96,63.3924407953,407310,0.0000,1.0
2015-10-06,66.46,67.23,66.165,66.61,62.1331736518,273861,0.0000,1.0
2015-10-05,64.37,66.77,64.37,66.22,61.7693853659,296895,0.0000,1.0
2015-10-02,61.78,64.38,61.67,64.18,59.8664927934,393823,0.0000,1.0
2015-10-01,62.98,63.58,61.69,62.32,58.1315025068,387790,0.0000,1.0
2015-09-30,62.56,63.28,61.43,62.94,58.7098326023,285162,0.0000,1.0
2015-09-29,61.5,62.38,61.39,61.95,57.7863700304,332101,0.0000,1.0
2015-09-28,61.99,62.02,61.42,61.48,57.3479585064,208683,0.0000,1.0
2015-09-25,62.59,63.15,62.09,62.31,58.122174602,185267,0.0000,1.0
2015-09-24,62.07,62.38,61.13,61.83,57.6744351732,307907,0.0000,1.0
2015-09-23,63.71,63.89,62.3,62.69,58.4766349832,316983,0.0000,1.0
2015-09-22,64.0,64.57,63.26,63.68,59.4000975551,248132,0.0000,1.0
2015-09-21,65.21,66.03,64.77,64.92,60.5567577462,206136,0.0000,1.0
2015-09-18,65.43,65.65,64.75,65.01,60.6407088891,415095,0.0000,1.0
2015-09-17,67.3,67.54,66.27,66.32,61.8626644135,204028,0.0000,1.0
2015-09-16,66.49,67.47,66.234,67.28,62.7581432711,216758,0.0000,1.0
2015-09-15,65.64,66.5,65.565,66.39,61.9279597469,210758,0.0000,1.0
2015-09-14,66.62,66.62,65.49,65.59,61.1817273655,188718,0.0000,1.0
2015-09-11,65.83,66.75,65.59,66.64,62.1611573661,287277,0.0000,1.0
2015-09-10,65.25,66.58,65.072,66.11,61.6667784134,433813,0.0000,1.0
2015-09-09,66.17,66.7,65.16,65.35,60.9578576511,313873,0.0000,1.0
2015-09-08,65.61,66.08,65.2,65.89,61.4615645085,444667,0.0000,1.0
2015-09-04,64.17,65.18,64.092,64.44,60.1090183174,276781,0.0000,1.0
2015-09-03,64.6,65.69,64.342,65.12,60.7433158415,284691,0.0000,1.0
2015-09-02,64.46,64.75,63.03,64.57,60.2302810793,538479,0.0000,1.0
2015-09-01,64.9,65.84,63.66,63.82,59.5306882218,470409,0.0000,1.0
2015-08-31,66.32,67.1,65.95,66.52,62.0492225089,353506,0.0000,1.0
2015-08-28,66.0,66.9,65.62,66.74,62.2544364137,388691,0.0000,1.0
2015-08-27,64.97,66.54,64.31,66.27,61.8160248897,386506,0.0000,1.0
2015-08-26,64.2,64.32,62.35,64.04,59.7359021267,501472,0.0000,1.0
2015-08-25,65.5,65.51,62.874,63.01,58.7751279357,457142,0.0000,1.0
2015-08-24,58.96,65.34,58.518,63.04,58.80311165,1034794,0.0000,1.0
2015-08-21,67.14,68.0,62.35,62.44,58.243437364,1418611,0.2400,1.0
2015-08-20,72.59,73.0,70.96,71.15,66.1139210027,424997,0.0000,1.0
2015-08-19,73.45,73.84,72.53,73.27,68.0838649595,386688,0.0000,1.0
2015-08-18,74.07,75.75,73.79,73.91,68.6785650219,249726,0.0000,1.0
2015-08-17,73.93,74.35,73.29,74.32,69.0595447494,382400,0.0000,1.0
2015-08-14,73.99,74.21,73.61,74.11,68.8644087914,239840,0.0000,1.0
2015-08-13,74.33,74.38,73.48,74.1,68.8551166029,190638,0.0000,1.0
2015-08-12,73.48,74.56,72.965,74.36,69.0967135033,186992,0.0000,1.0
2015-08-11,74.8,75.34,73.99,74.3,69.0409603724,171150,0.0000,1.0
2015-08-10,74.54,75.95,74.54,75.6,70.2489448742,165253,0.0000,1.0
2015-08-07,73.91,74.27,73.41,74.13,68.8829931684,135771,0.0000,1.0
2015-08-06,74.17,74.99,73.72,74.05,68.8086556606,129543,0.0000,1.0
2015-08-05,73.92,74.745,73.67,74.09,68.8458244145,192552,0.0000,1.0
2015-08-04,73.83,74.411,73.15,73.52,68.3161696714,124062,0.0000,1.0
2015-08-03,74.2,74.45,73.24,73.83,68.6042275141,149010,0.0000,1.0
2015-07-31,74.81,74.91,74.0,74.11,68.8644087914,262199,0.0000,1.0
2015-07-30,74.1,74.83,73.75,74.47,69.1989275765,150042,0.0000,1.0
2015-07-29,73.12,74.46,73.08,74.42,69.1524666341,171179,0.0000,1.0
2015-07-28,72.53,73.53,71.99,73.29,68.1024493364,203838,0.0000,1.0
2015-07-27,72.34,72.97,71.75,72.29,67.1732304889,158757,0.0000,1.0
2015-07-24,73.56,73.87,72.48,72.62,67.4798727086,176517,0.0000,1.0
2015-07-23,73.64,74.11,73.19,73.71,68.4927212524,227238,0.0000,1.0
2015-07-22,74.16,74.68,73.36,73.39,68.1953712212,225247,0.0000,1.0
2015-07-21,74.6,75.02,74.1,74.3,69.0409603724,133046,0.0000,1.0
2015-07-20,75.31,75.69,74.73,74.76,69.4684010423,150075,0.0000,1.0
2015-07-17,75.51,75.79,74.08,75.14,69.8215042044,304314,0.0000,1.0
2015-07-16,76.56,76.97,75.02,75.3,69.97017922,262235,0.0000,1.0
2015-07-15,77.22,77.925,75.95,76.04,70.6578011672,181891,0.0000,1.0
2015-07-14,76.91,77.5,76.78,77.34,71.865785669,182204,0.0000,1.0
2015-07-13,76.44,77.24,76.02,76.85,71.4104684337,218764,0.0000,1.0
2015-07-10,76.24,76.72,75.61,75.9,70.5277105285,159638,0.0000,1.0
2015-07-09,77.18,77.39,75.59,75.64,70.2861136282,241507,0.0000,1.0
2015-07-08,76.74,77.43,75.51,76.25,70.8529371252,331247,0.0000,1.0
2015-07-07,77.45,77.51,75.97,77.43,71.9494153653,158242,0.0000,1.0
2015-07-06,77.46,77.98,76.92,77.41,71.9308309883,122841,0.0000,1.0
2015-07-02,78.12,78.395,77.54,77.72,72.218888831,141361,0.0000,1.0
2015-07-01,78.41,78.87,77.74,78.08,72.5534076162,174253,0.0000,1.0
2015-06-30,78.63,79.14,77.8,77.89,72.3768560351,215648,0.0000,1.0
2015-06-29,79.26,79.52,78.06,78.13,72.5998685585,136873,0.0000,1.0
2015-06-26,79.72,80.15,79.4,80.09,74.4211374997,389031,0.0000,1.0
2015-06-25,79.87,81.2643,79.33,79.53,73.9007749451,139423,0.0000,1.0
2015-06-24,80.08,80.48,79.6,79.7,74.0587421492,132148,0.0000,1.0
2015-06-23,80.66,80.83,79.8,80.09,74.4211374997,214988,0.0000,1.0
2015-06-22,80.75,81.02,80.46,80.7,74.9879609967,145615,0.0000,1.0
2015-06-19,80.57,80.57,79.86,80.26,74.5791047038,496096,0.0000,1.0
2015-06-18,80.45,80.86,79.91,80.37,74.681318777,310453,0.0000,1.0
2015-06-17,80.82,80.93,79.53,80.36,74.6720265886,192812,0.0000,1.0
2015-06-16,80.62,80.95,80.33,80.47,74.7742406618,197254,0.0000,1.0
2015-06-15,80.75,81.075,79.61,80.54,74.8392859811,149344,0.0000,1.0
2015-06-12,82.03,82.21,81.26,81.39,75.6291220015,130144,0.0000,1.0
2015-06-11,82.47,82.47,81.73,82.23,76.4096658335,170399,0.0000,1.0
2015-06-10,81.72,82.62,81.46,82.15,76.3353283257,155788,0.0000,1.0
2015-06-09,80.98,81.71,80.796,81.28,75.5269079283,109232,0.0000,1.0
2015-06-08,82.06,82.06,80.98,81.1,75.3596485357,128512,0.0000,1.0
2015-06-05,81.31,82.195,81.09,82.11,76.2981595718,162827,0.0000,1.0
2015-06-04,81.36,81.98,81.154,81.59,75.814965771,186253,0.0000,1.0
2015-06-03,81.33,82.82,81.134,81.97,76.1680689331,179447,0.0000,1.0
2015-06-02,80.7,81.76,80.352,81.18,75.4339860435,124824,0.0000,1.0
2015-06-01,80.96,81.58,80.35,81.0,75.266726651,139274,0.0000,1.0
2015-05-29,82.37,82.91,80.84,80.91,75.1830969547,186259,0.0000,1.0
2015-05-28,82.57,83.31,81.76,82.68,76.8278143149,211438,0.0000,1.0
2015-05-27,82.34,82.75,81.99,82.51,76.6698471108,152684,0.0000,1.0
2015-05-26,82.89,83.3,81.87,82.1,76.2888673833,256314,0.0000,1.0
2015-05-22,82.73,83.47,82.73,82.99,77.1158721576,359206,0.0000,1.0
2015-05-21,82.31,83.3,82.1,82.9,77.0322424613,254062,0.2200,1.0
2015-05-20,82.19,83.23,79.26,82.79,76.7264118548,919440,0.0000,1.0
2015-05-19,83.5,84.45,83.11,83.55,77.4307490092,344531,0.0000,1.0
2015-05-18,83.14,84.03,82.86,83.97,77.8199879629,232702,0.0000,1.0
2015-05-15,83.29,83.5,82.62,83.12,77.0322424613,197666,0.0000,1.0
2015-05-14,82.25,83.39,81.89,83.06,76.9766368965,334237,0.0000,1.0
2015-05-13,82.0,82.35,81.71,81.91,75.9108635708,402351,0.0000,1.0
2015-05-12,81.41,82.11,81.0,82.0,75.994271918,563864,0.0000,1.0
2015-05-11,81.45,82.0743,81.26,81.91,75.9108635708,136617,0.0000,1.0
2015-05-08,81.45,82.06,81.23,81.69,75.7069764998,170868,0.0000,1.0
2015-05-07,80.98,81.17,80.46,81.15,75.2065264165,143496,0.0000,1.0
2015-05-06,81.17,81.17,80.4,80.86,74.9377661865,245075,0.0000,1.0
2015-05-05,81.02,82.13,80.52,80.84,74.9192309982,245984,0.0000,1.0
2015-05-04,80.68,81.98,80.57,81.63,75.651370935,262887,0.0000,1.0
2015-05-01,80.16,80.98,79.91,80.68,74.770949492,267128,0.0000,1.0
2015-04-30,79.83,80.34,79.17,79.65,73.816387296,446826,0.0000,1.0
2015-04-29,79.55,80.56,79.11,80.46,74.567062421,216698,0.0000,1.0
2015-04-28,80.1,80.165,79.4,80.01,74.1500206849,131573,0.0000,1.0
2015-04-27,79.98,80.34,79.52,79.94,74.085147526,47885,0.0000,1.0
2015-04-24,80.17,80.17,79.38,79.68,73.8441900784,56843,0.0000,1.0
2015-04-23,80.0,81.05,79.9922,80.08,74.2148938439,263592,0.0000,1.0
2015-04-22,79.6,80.47,78.84,80.39,74.5021892621,116655,0.0000,1.0
2015-04-21,80.0,80.25,79.19,79.59,73.7607817312,157427,0.0000,1.0
2015-04-20,79.34,80.34,79.34,79.84,73.9924715846,126872,0.0000,1.0
2015-04-17,78.62,79.21,78.31,79.0,73.2139936771,359374,0.0000,1.0
2015-04-16,79.1,79.42,78.7,79.01,73.2232612713,164730,0.0000,1.0
2015-04-15,79.16,79.99,79.0,79.26,73.4549511247,171172,0.0000,1.0
2015-04-14,78.36,79.06,77.87,78.83,73.0564445768,247589,0.0000,1.0
2015-04-13,78.56,79.49,78.3,78.3,72.5652620876,185683,0.0000,1.0
2015-04-10,78.63,79.52,78.5,78.8,73.0286417944,152640,0.0000,1.0
2015-04-09,78.34,78.82,77.98,78.68,72.9174306648,127538,0.0000,1.0
2015-04-08,78.35,78.9275,77.87,78.65,72.8896278824,189819,0.0000,1.0
2015-04-07,79.0,79.0,78.32,78.43,72.6857408114,223866,0.0000,1.0
2015-04-06,76.94,79.01,76.9,78.78,73.0101066061,276807,0.0000,1.0
2015-04-02,76.87,77.57,76.37,77.24,71.5828971091,198599,0.0000,1.0
2015-04-01,78.28,78.48,76.53,76.72,71.1009822141,254823,0.0000,1.0
2015-03-31,77.91,78.4,77.64,78.34,72.6023324641,155579,0.0000,1.0
2015-03-30,77.92,78.7,77.9064,78.52,72.7691491586,158694,0.0000,1.0
2015-03-27,76.57,77.83,76.23,77.42,71.7497138036,242625,0.0000,1.0
2015-03-26,76.0,76.82,75.63,76.43,70.8322219841,167892,0.0000,1.0
2015-03-25,77.46,77.93,76.35,76.45,70.8507571724,125897,0.0000,1.0
2015-03-24,77.88,78.024,77.01,77.17,71.5180239502,172974,0.0000,1.0
2015-03-23,78.39,78.93,77.8,77.88,72.1760231339,163306,0.0000,1.0
2015-03-20,78.55,79.1,78.2,78.26,72.528191711,410932,0.0000,1.0
2015-03-19,78.87,79.0,77.84,78.13,72.4077129873,176313,0.0000,1.0
2015-03-18,77.3,79.4,77.1,79.01,73.2232612713,271454,0.0000,1.0
2015-03-17,76.84,77.88,76.4401,77.77,72.0740795984,379677,0.0000,1.0
2015-03-16,75.89,76.94,74.872,76.8,71.1751229671,234911,0.0000,1.0
2015-03-13,75.56,75.97,74.68,75.28,69.7664486584,273682,0.0000,1.0
2015-03-12,74.42,75.87,74.37,75.58,70.0444764825,241836,0.0000,1.0
2015-03-11,73.33,73.96,72.93,73.8,68.3948447262,347440,0.0000,1.0
2015-03-10,74.51,75.83,73.68,73.7,68.3021687849,228490,0.0000,1.0
2015-03-09,75.57,76.12,75.255,75.32,69.803519035,175272,0.0000,1.0
2015-03-06,76.15,76.61,75.07,75.41,69.8869273822,177469,0.0000,1.0
2015-03-05,76.56,76.98,75.9,76.5,70.8970951431,155825,0.0000,1.0
2015-03-04,77.03,77.69,76.15,76.43,70.8322219841,120510,0.0000,1.0
2015-03-03,77.94,78.34,77.3,77.45,71.777516586,151339,0.0000,1.0
2015-03-02,76.97,77.94,76.96,77.92,72.2130935104,172226,0.0000,1.0
2015-02-27,76.94,77.48,76.672,76.93,71.2956016909,170615,0.0000,1.0
2015-02-26,78.38,78.62,77.09,77.55,71.8701925274,290756,0.0000,1.0
2015-02-25,77.72,80.5,77.42,78.6,72.8432899117,552504,0.0000,1.0
2015-02-24,78.63,79.13,77.83,78.41,72.6672056231,411534,0.0000,1.0
2015-02-23,78.38,78.61,77.53,78.6,72.8432899117,221316,0.0000,1.0
2015-02-20,78.02,78.51,77.5,78.46,72.7135435938,138243,0.2200,1.0
2015-02-19,77.87,78.57,77.6095,78.29,72.3531180472,143424,0.0000,1.0
2015-02-18,77.34,78.83,77.34,78.26,72.3253930052,153509,0.0000,1.0
2015-02-17,77.83,78.332,77.28,77.68,71.7893755257,133374,0.0000,1.0
2015-02-13,76.61,78.36,76.61,78.04,72.1220760302,163212,0.0000,1.0
2015-02-12,76.05,76.75,75.94,76.67,70.855965777,188551,0.0000,1.0
2015-02-11,75.68,76.34,75.22,76.1,70.3291899782,102455,0.0000,1.0
2015-02-10,76.32,76.32,75.0,75.72,69.9780061124,160313,0.0000,1.0
2015-02-09,75.22,76.14,75.09,75.7,69.959522751,115408,0.0000,1.0
2015-02-06,76.12,76.18,74.93,75.75,70.0057311544,207258,0.0000,1.0
2015-02-05,75.01,75.56,74.81,75.36,69.6453056079,193892,0.0000,1.0
2015-02-04,75.13,75.45,74.33,74.43,68.7858293046,189372,0.0000,1.0
2015-02-03,73.74,75.41,73.39,75.31,69.5990972045,616769,0.0000,1.0
2015-02-02,73.03,73.62,72.1,73.46,67.8893862786,342978,0.0000,1.0
2015-01-30,73.18,74.2,72.65,72.86,67.3348854378,391815,0.0000,1.0
2015-01-29,72.55,73.84,72.02,73.68,68.0927032536,248959,0.0000,1.0
2015-01-28,73.69,74.47,72.42,72.51,67.0114266139,150296,0.0000,1.0
2015-01-27,72.62,73.95,72.62,73.39,67.8246945138,272240,0.0000,1.0
2015-01-26,72.18,73.76,71.94,73.53,67.9540780433,297712,0.0000,1.0
2015-01-23,72.86,73.49,72.23,72.5,67.0021849333,263759,0.0000,1.0
2015-01-22,73.08,73.72,72.06,73.01,67.473510648,347721,0.0000,1.0
2015-01-21,72.0,73.11,71.82,72.76,67.2424686309,355125,0.0000,1.0
2015-01-20,72.66,73.36,71.89,72.21,66.7341761935,260534,0.0000,1.0
2015-01-16,72.03,72.915,71.58,72.53,67.0299099753,286269,0.0000,1.0
2015-01-15,73.36,73.96,72.07,72.19,66.7156928322,229136,0.0000,1.0
2015-01-14,72.51,73.65,72.5,73.25,67.6953109843,183053,0.0000,1.0
2015-01-13,73.88,74.97,72.443,73.53,67.9540780433,349844,0.0000,1.0
2015-01-12,74.26,74.26,72.97,73.36,67.7969694718,375669,0.0000,1.0
2015-01-09,75.58,75.74,73.964,74.17,68.5455456069,221537,0.0000,1.0
2015-01-08,74.52,76.0,74.25,75.33,69.6175805658,287066,0.0000,1.0
2015-01-07,75.27,75.94,73.75,73.93,68.3237452706,358929,0.0000,1.0
2015-01-06,76.0,76.3625,74.33,74.71,69.0445963636,257732,0.0000,1.0
2015-01-05,78.09,78.1,75.65,75.7,69.959522751,268421,0.0000,1.0
2015-01-02,78.07,78.66,76.76,78.25,72.3161513245,169252,0.0000,1.0
2014-12-31,79.09,79.69,77.93,77.96,72.0481425848,162350,0.0000,1.0
2014-12-30,79.55,79.59,78.5935,78.96,72.9723106528,124591,0.0000,1.0
2014-12-29,79.35,80.4,79.0,79.72,73.6746783845,102564,0.0000,1.0
2014-12-26,79.59,80.42,79.47,79.49,73.4621197289,144486,0.0000,1.0
2014-12-24,78.8,79.78,78.44,79.25,73.2403193926,92898,0.0000,1.0
2014-12-23,78.97,79.395,78.72,78.8,72.8244437619,229442,0.0000,1.0
2014-12-22,77.99,78.772,77.56,78.45,72.5009849381,178571,0.0000,1.0
2014-12-19,77.91,78.68,77.32,77.74,71.8448256098,468850,0.0000,1.0
2014-12-18,77.47,78.11,76.77,77.88,71.9742091393,207106,0.0000,1.0
2014-12-17,74.58,76.15,73.7,75.89,70.1351146839,197412,0.2200,1.0
2014-12-16,74.83,75.75,74.01,74.58,68.7252247159,289577,0.0000,1.0
2014-12-15,77.53,77.53,75.08,75.19,69.2873377097,313287,0.0000,1.0
2014-12-12,75.91,77.49,74.53,76.99,70.9460317897,405042,0.0000,1.0
2014-12-11,75.52,77.03,75.16,76.45,70.4484235657,289143,0.0000,1.0
2014-12-10,76.62,77.01,75.16,75.26,69.3518424795,175648,0.0000,1.0
2014-12-09,76.43,77.1,75.58,76.97,70.9276018555,230481,0.0000,1.0
2014-12-08,78.43,79.36,76.86,77.29,71.2224808031,215981,0.0000,1.0
2014-12-05,78.52,78.99,78.21,78.88,72.6876605738,141975,0.0000,1.0
2014-12-04,78.68,78.87,77.99,78.53,72.3651367249,190217,0.0000,1.0
2014-12-03,78.59,79.22,78.57,79.01,72.8074551462,406537,0.0000,1.0
2014-12-02,77.81,78.95,77.6,78.35,72.1992673169,195168,0.0000,1.0
2014-12-01,77.64,78.738,76.91,77.22,71.1579760333,188372,0.0000,1.0
2014-11-28,79.06,79.08,77.91,78.15,72.0149679746,99925,0.0000,1.0
2014-11-26,79.67,79.92,78.9425,79.24,73.0193993898,117902,0.0000,1.0
2014-11-25,79.52,80.21,79.11,79.71,73.452502844,126318,0.0000,1.0
2014-11-24,79.65,80.17,79.58,79.66,73.4064280084,196978,0.0000,1.0
2014-11-21,77.99,79.93,77.82,79.51,73.2682035018,250915,0.0000,1.0
2014-11-20,77.11,78.32,76.69,77.09,71.0381814608,322592,0.0000,1.0
2014-11-19,78.17,78.17,77.0,77.66,71.5634345862,174568,0.0000,1.0
2014-11-18,78.17,79.63,78.17,78.45,72.291416988,253860,0.0000,1.0
2014-11-17,77.97,78.41,77.26,78.02,71.8951734022,219390,0.0000,1.0
2014-11-14,77.86,78.6,77.655,77.99,71.8675285009,140082,0.0000,1.0
2014-11-13,78.51,78.68,77.67,77.98,71.8583135337,149895,0.0000,1.0
2014-11-12,77.59,79.07,77.59,78.57,72.4019965933,199805,0.0000,1.0
2014-11-11,77.73,78.55,77.265,78.2,72.0610428102,223719,0.0000,1.0
2014-11-10,77.83,78.47,77.66,77.89,71.7753788297,163512,0.0000,1.0
2014-11-07,77.33,77.97,77.16,77.64,71.545004652,218524,0.0000,1.0
2014-11-06,76.27,77.46,76.27,77.18,71.1211161648,187180,0.0000,1.0
2014-11-05,76.14,76.99,75.6,76.11,70.1351146839,171948,0.0000,1.0
2014-11-04,76.12,76.31,75.345,75.4,69.480852019,196820,0.0000,1.0
2014-11-03,76.84,77.17,75.93,76.19,70.2088344208,246390,0.0000,1.0
2014-10-31,76.26,76.73,75.8125,76.55,70.5405732368,269402,0.0000,1.0
2014-10-30,75.19,75.84,74.35,75.59,69.6559363941,191994,0.0000,1.0
2014-10-29,75.51,75.99,74.93,75.23,69.3241975781,209168,0.0000,1.0
2014-10-28,74.23,75.505,73.99,75.37,69.4532071177,175511,0.0000,1.0
2014-10-27,73.42,73.95,72.99,73.65,67.8682327746,170043,0.0000,1.0
2014-10-24,73.4,73.97,73.11,73.95,68.1446817879,177091,0.0000,1.0
2014-10-23,72.33,73.87,72.29,73.37,67.6102136954,182017,0.0000,1.0
2014-10-22,72.49,72.79,71.23,71.35,65.748790339,157379,0.0000,1.0
2014-10-21,70.79,72.24,70.13,72.18,66.5136326092,276182,0.0000,1.0
2014-10-20,69.78,70.65,69.51,70.39,64.8641534963,250231,0.0000,1.0
2014-10-17,70.48,71.39,69.38,70.12,64.6153493843,1052686,0.0000,1.0
2014-10-16,66.88,69.77,66.795,69.61,64.1453860616,538105,0.0000,1.0
2014-10-15,68.43,68.92,66.77,68.41,63.0395900082,559908,0.0000,1.0
2014-10-14,67.94,70.13,67.81,69.63,64.1638159958,486875,0.0000,1.0
2014-10-13,69.53,69.99,67.64,67.75,62.4314021789,465365,0.0000,1.0
2014-10-10,70.2,70.71,67.97,69.73,64.2559656669,523074,0.0000,1.0
2014-10-09,73.99,74.22,71.66,71.89,66.246398563,286183,0.0000,1.0
2014-10-08,73.02,74.39,72.49,74.29,68.4579906697,194778,0.0000,1.0
2014-10-07,74.12,74.4,73.07,73.11,67.3706245505,183123,0.0000,1.0
2014-10-06,74.56,75.21,73.91,74.75,68.8818791568,301214,0.0000,1.0
2014-10-03,74.65,74.978,74.13,74.18,68.3566260315,229875,0.0000,1.0
2014-10-02,74.35,74.82,73.51,74.1,68.2829062946,162439,0.0000,1.0
2014-10-01,75.77,76.47,74.37,74.64,68.7805145186,421383,0.0000,1.0
2014-09-30,76.81,77.27,76.05,76.07,70.0982548155,292476,0.0000,1.0
2014-09-29,75.59,76.99,75.59,76.86,70.8262372173,223999,0.0000,1.0
2014-09-26,75.68,76.95,75.37,76.55,70.5405732368,212696,0.0000,1.0
2014-09-25,76.22,76.72,75.49,75.63,69.6927962626,174727,0.0000,1.0
2014-09-24,76.52,77.12,75.92,76.57,70.559003171,194648,0.0000,1.0
2014-09-23,76.44,77.18,75.82,76.25,70.2641242235,256500,0.0000,1.0
2014-09-22,78.43,78.43,76.56,76.84,70.8078072831,313500,0.0000,1.0
2014-09-19,79.45,79.79,78.02,78.46,72.3006319551,432800,0.0000,1.0
2014-09-18,79.3,79.86,78.8,79.38,73.1484089293,135600,0.0000,1.0
2014-09-17,79.46,79.74,78.71,78.96,72.7613803106,123000,0.0000,1.0
2014-09-16,79.11,79.7,78.72,79.35,73.120764028,273700,0.0000,1.0
2014-09-15,79.46,79.46,78.85,79.23,73.0101844226,153300,0.0000,1.0
2014-09-12,79.71,79.95,79.2,79.35,73.120764028,131000,0.0000,1.0
2014-09-11,79.92,80.17,79.56,79.88,73.6091572849,226000,0.0000,1.0
2014-09-10,80.51,80.73,79.355,80.31,74.0054008707,197000,0.0000,1.0
2014-09-09,80.87,81.1,80.25,80.41,74.0975505418,171100,0.0000,1.0
2014-09-08,80.87,81.26,80.36,80.92,74.5675138645,196200,0.0000,1.0
2014-09-05,81.24,81.64,80.5601,81.23,74.8531778449,179200,0.0000,1.0
2014-09-04,81.51,82.0,81.03,81.5,75.1019819569,255500,0.0000,1.0
2014-09-03,81.78,81.78,80.78,81.22,74.8439628778,158200,0.0000,1.0
2014-09-02,81.2,82.6,80.91,81.34,74.9545424831,338900,0.0000,1.0
2014-08-29,81.0,81.15,80.5,81.06,74.696523404,201300,0.0000,1.0
2014-08-28,80.74,81.11,80.01,80.73,74.3924294893,125400,0.0000,1.0
2014-08-27,81.49,81.49,80.54,80.84,74.4937941276,107800,0.0000,1.0
2014-08-26,81.29,81.56,80.735,81.34,74.9545424831,185500,0.0000,1.0
2014-08-25,80.85,81.87,80.195,81.14,74.7702431409,351000,0.0000,1.0
2014-08-22,81.76,81.94,78.76,80.365,74.0560831898,347500,0.2200,1.0
2014-08-21,79.75,80.17,79.045,79.8,73.3346831116,196400,0.0000,1.0
2014-08-20,79.4,79.81,79.04,79.73,73.2703544422,178600,0.0000,1.0
2014-08-19,79.72,80.07,79.27,79.64,73.1876461529,133900,0.0000,1.0
2014-08-18,78.39,79.65,78.0001,79.59,73.1416971034,162700,0.0000,1.0
2014-08-15,78.0,78.31,76.82,77.96,71.6437580874,196200,0.0000,1.0
2014-08-14,77.41,77.98,76.91,77.88,71.5702396081,118300,0.0000,1.0
2014-08-13,76.56,77.93,76.39,77.28,71.0188510133,177400,0.0000,1.0
2014-08-12,76.16,76.95,75.95,76.38,70.1917681211,102700,0.0000,1.0
2014-08-11,75.88,76.85,75.88,76.49,70.2928560301,177500,0.0000,1.0
2014-08-08,74.62,75.91,74.23,75.9,69.7506572452,147700,0.0000,1.0
2014-08-07,74.63,75.18,74.39,74.5,68.4640838573,172500,0.0000,1.0
2014-08-06,74.4,75.18,73.724,74.28,68.2619080392,154000,0.0000,1.0
2014-08-05,74.6,75.275,74.26,74.86,68.7949170142,160100,0.0000,1.0
2014-08-04,74.73,75.13,74.09,75.0,68.923574353,172000,0.0000,1.0
2014-08-01,75.04,75.34,73.46,74.5,68.4640838573,307600,0.0000,1.0
2014-07-31,76.69,77.18,75.1,75.17,69.0798011215,227700,0.0000,1.0
2014-07-30,77.58,78.1292,76.56,77.17,70.9177631042,197700,0.0000,1.0
2014-07-29,77.9,78.5,77.2,77.21,70.9545223439,198400,0.0000,1.0
2014-07-28,78.3,78.3,77.16,77.89,71.579429418,163900,0.0000,1.0
2014-07-25,78.24,78.73,77.7525,78.21,71.8735033353,192300,0.0000,1.0
2014-07-24,78.56,79.01,77.76,78.37,72.0205402939,142300,0.0000,1.0
2014-07-23,79.17,79.17,77.92,78.32,71.9745912443,211300,0.0000,1.0
2014-07-22,78.77,79.77,78.45,78.84,72.4524613598,169200,0.0000,1.0
2014-07-21,78.41,78.97,77.13,78.36,72.011350484,185600,0.0000,1.0
2014-07-18,77.65,78.78,77.55,78.71,72.332993831,436300,0.0000,1.0
2014-07-17,77.68,77.98,76.87,77.35,71.0831796827,296400,0.0000,1.0
2014-07-16,78.09,78.48,77.19,78.03,71.7080867568,260600,0.0000,1.0
2014-07-15,78.67,78.82,77.59,77.79,71.4875313189,181200,0.0000,1.0
2014-07-14,78.53,79.838,78.41,78.52,72.1583874426,239200,0.0000,1.0
2014-07-11,77.23,77.57,76.73,77.06,70.8166751952,149600,0.0000,1.0
2014-07-10,77.4,77.57,76.59,77.1,70.8534344348,182400,0.0000,1.0
2014-07-09,78.91,79.03,77.89,78.31,71.9654014344,157500,0.0000,1.0
2014-07-08,79.06,79.416,78.17,78.61,72.2410957318,212600,0.0000,1.0
2014-07-07,80.02,80.48,78.85,79.01,72.6086881284,206800,0.0000,1.0
2014-07-03,80.34,80.93,79.76,80.68,74.143386384,155700,0.0000,1.0
2014-07-02,80.6,81.045,79.68,80.03,73.5460487396,214500,0.0000,1.0
2014-07-01,80.43,81.24,80.38,80.6,74.0698679046,332200,0.0000,1.0
2014-06-30,79.28,80.34,78.7,80.19,73.6930856982,586700,0.0000,1.0
2014-06-27,78.96,79.449,78.61,79.16,72.7465352771,340400,0.0000,1.0
2014-06-26,79.62,79.68,78.28,79.1,72.6913964176,312400,0.0000,1.0
2014-06-25,79.66,80.2,79.16,79.46,73.0222295745,309000,0.0000,1.0
2014-06-24,80.62,81.0,79.51,79.76,73.2979238719,294800,0.0000,1.0
2014-06-23,80.16,81.58,79.95,80.87,74.3179927723,223100,0.0000,1.0
2014-06-20,81.75,82.29,79.5,79.91,73.4357710206,786800,0.0000,1.0
2014-06-19,82.06,82.32,81.48,81.89,75.2553533835,232500,0.0000,1.0
2014-06-18,82.74,84.11,81.86,82.21,75.5494273008,411300,0.0000,1.0
2014-06-17,81.45,82.94,80.99,81.92,75.2829228133,378200,0.0000,1.0
2014-06-16,81.8,81.99,81.18,81.29,74.7039647887,188200,0.0000,1.0
2014-06-13,82.2,82.32,81.62,82.0,75.3564412926,142200,0.0000,1.0
2014-06-12,82.85,82.99,81.94,82.0,75.3564412926,143000,0.0000,1.0
2014-06-11,83.67,83.72,82.66,83.0,76.2754222839,155600,0.0000,1.0
2014-06-10,84.32,84.32,83.51,83.9,77.1025051762,259800,0.0000,1.0
2014-06-09,83.77,84.95,82.56,84.3,77.4700975727,183500,0.0000,1.0
2014-06-06,82.94,83.83,82.9,83.69,76.909519168,147200,0.0000,1.0
2014-06-05,81.79,82.71,81.16,82.7,75.9997279865,178100,0.0000,1.0
2014-06-04,81.68,82.352,81.32,81.6,74.988848896,204700,0.0000,1.0
2014-06-03,82.45,82.48,81.35,81.55,74.9428998465,175900,0.0000,1.0
2014-06-02,81.98,82.64,81.03,82.4,75.7240336891,246200,0.0000,1.0
2014-05-30,82.49,83.4,81.54,81.54,74.9337100365,381800,0.0000,1.0
2014-05-29,82.82,82.86,81.71,82.69,75.9905381766,285800,0.0000,1.0
2014-05-28,83.42,83.99,82.15,82.17,75.5126680611,335800,0.0000,1.0
2014-05-27,81.92,84.52,81.92,83.33,76.5786860111,371800,0.0000,1.0
2014-05-23,78.0,82.24,78.0,81.86,75.2277839538,821000,0.0000,1.0
2014-05-22,75.02,75.3799,74.76,74.88,68.813296634,171700,0.1800,1.0
2014-05-21,74.52,75.14,73.9,74.95,68.712451142,153200,0.0000,1.0
2014-05-20,75.34,75.68,73.94,74.08,67.914854978,156300,0.0000,1.0
2014-05-19,74.93,76.08,74.91,75.5,69.216678602,121500,0.0000,1.0
2014-05-16,74.53,75.15,74.37,75.06,68.813296634,100300,0.0000,1.0
2014-05-15,74.83,75.0,73.58,74.54,68.33657249,118300,0.0000,1.0
2014-05-14,75.25,77.41,74.91,75.08,68.831632178,117100,0.0000,1.0
2014-05-13,75.77,76.59,75.3,75.45,69.170839742,152700,0.0000,1.0
2014-05-12,74.96,76.11,74.61,75.77,69.464208446,180700,0.0000,1.0
2014-05-09,74.85,75.12,74.32,74.94,68.70328337,241700,0.0000,1.0
2014-05-08,74.46,75.62,74.1001,75.1,68.849967722,336200,0.0000,1.0
2014-05-07,74.59,74.94,73.92,74.82,68.593270106,216700,0.0000,1.0
2014-05-06,74.26,74.99,74.05,74.47,68.272398086,179500,0.0000,1.0
2014-05-05,74.21,74.89,73.54,74.35,68.162384822,165100,0.0000,1.0
2014-05-02,74.57,75.14,73.94,74.61,68.400746894,247500,0.0000,1.0
2014-05-01,74.53,75.22,73.85,74.49,68.29073363,197100,0.0000,1.0
2014-04-30,74.19,74.78,73.897,74.35,68.162384822,270500,0.0000,1.0
2014-04-29,74.64,75.225,73.95,74.37,68.180720366,265900,0.0000,1.0
2014-04-28,74.29,74.83,73.54,74.32,68.134881506,385100,0.0000,1.0
2014-04-25,74.09,74.97,73.684,74.04,67.87818389,306700,0.0000,1.0
2014-04-24,74.05,75.0,73.52,74.54,68.33657249,254300,0.0000,1.0
2014-04-23,73.7,74.35,73.1601,73.9,67.749835082,304400,0.0000,1.0
2014-04-22,73.72,74.41,73.55,73.7,67.566479642,392400,0.0000,1.0
2014-04-21,73.59,74.05,73.4,73.72,67.584815186,255300,0.0000,1.0
2014-04-17,72.92,73.97,72.78,73.78,67.639821818,263600,0.0000,1.0
2014-04-16,72.08,73.1,71.83,73.0,66.9247356019,222100,0.0000,1.0
2014-04-15,70.69,71.86,70.16,71.76,65.7879318739,277300,0.0000,1.0
2014-04-14,71.1,71.6,70.25,70.53,64.6602959179,211300,0.0000,1.0
2014-04-11,71.23,71.629,70.26,70.5,64.6327926019,260200,0.0000,1.0
2014-04-10,72.28,72.6,71.31,71.36,65.4212209939,365400,0.0000,1.0
2014-04-09,71.72,72.6,71.42,72.5,66.4663470019,233700,0.0000,1.0
2014-04-08,70.62,71.31,70.18,71.27,65.3387110459,309800,0.0000,1.0
2014-04-07,71.6,71.6,69.89,70.48,64.6144570579,396900,0.0000,1.0
2014-04-04,72.2,72.35,71.45,71.51,65.5587375739,477400,0.0000,1.0
2014-04-03,71.8,72.09,71.3,71.76,65.7879318739,225400,0.0000,1.0
2014-04-02,71.15,72.12,71.14,71.55,65.5954086619,151700,0.0000,1.0
2014-04-01,70.54,71.34,70.46,71.07,65.1553556059,239000,0.0000,1.0
2014-03-31,69.56,70.61,69.36,70.49,64.6236248299,266300,0.0000,1.0
2014-03-28,68.91,69.8,68.46,69.08,63.3309689778,250100,0.0000,1.0
2014-03-27,69.03,69.22,68.36,68.83,63.1017746778,212900,0.0000,1.0
2014-03-26,70.6,70.6,69.09,69.13,63.3768078378,204100,0.0000,1.0
2014-03-25,70.47,71.038,69.97,70.31,64.4586049339,158600,0.0000,1.0
2014-03-24,71.91,72.19,70.0,70.36,64.5044437939,182200,0.0000,1.0
2014-03-21,71.23,72.51,71.17,71.83,65.8521062779,464700,0.0000,1.0
2014-03-20,70.62,71.45,70.436,71.08,65.1645233779,147900,0.0000,1.0
2014-03-19,70.84,71.46,70.46,70.83,64.9353290779,274200,0.0000,1.0
2014-03-18,71.0,71.62,70.51,70.95,65.0453423419,460500,0.0000,1.0
2014-03-17,70.54,71.53,70.5,71.0,65.0911812019,265900,0.0000,1.0
2014-03-14,70.2,70.857,70.0,70.1,64.2660817219,207900,0.0000,1.0
2014-03-13,71.88,72.24,69.72,70.27,64.4219338459,207600,0.0000,1.0
2014-03-12,71.44,71.79,70.74,71.55,65.5954086619,177600,0.0000,1.0
2014-03-11,72.82,73.0275,71.53,71.78,65.8062674179,118300,0.0000,1.0
2014-03-10,72.93,73.4,72.3,72.76,66.7047090739,120800,0.0000,1.0
2014-03-07,73.07,73.47,72.58,73.11,67.0255810939,184300,0.0000,1.0
2014-03-06,72.77,73.37,72.17,72.86,66.7963867939,217200,0.0000,1.0
2014-03-05,73.0,73.27,72.55,72.84,66.7780512499,154200,0.0000,1.0
2014-03-04,73.03,73.5,72.765,72.87,66.8055545659,243700,0.0000,1.0
2014-03-03,72.37,72.65,71.52,72.04,66.0446294899,233300,0.0000,1.0
2014-02-28,72.75,73.87,72.16,73.16,67.0714199539,310000,0.0000,1.0
2014-02-27,72.47,73.215,71.896,72.44,66.4113403699,404700,0.0000,1.0
2014-02-26,70.47,71.75,69.65,71.41,65.4670598539,396500,0.0000,1.0
2014-02-25,71.28,71.28,70.25,70.88,64.9811679379,380800,0.0000,1.0
2014-02-24,69.86,70.78,69.81,70.01,64.1835717739,313700,0.0000,1.0
2014-02-21,70.42,70.46,69.79,69.8,63.9910485619,210100,0.1800,1.0
2014-02-20,69.91,70.37,69.81,70.27,64.2562301006,171700,0.0000,1.0
2014-02-19,69.79,70.39,69.665,69.8,63.826453124,211500,0.0000,1.0
2014-02-18,70.4,70.63,69.78,70.12,64.1190672357,288800,0.0000,1.0
2014-02-14,70.58,70.84,70.18,70.46,64.4299697295,282700,0.0000,1.0
2014-02-13,70.34,70.82,69.64,70.68,64.6311419313,302000,0.0000,1.0
2014-02-12,70.2,71.44,70.2,70.85,64.7865931782,217500,0.0000,1.0
2014-02-11,69.34,70.39,69.33,70.23,64.2196533367,134600,0.0000,1.0
2014-02-10,68.98,69.61,68.55,69.31,63.3783877654,299200,0.0000,1.0
2014-02-07,68.56,69.45,68.35,69.13,63.2137923275,308700,0.0000,1.0
2014-02-06,68.13,68.7,67.57,68.35,62.5005454302,274100,0.0000,1.0
2014-02-05,69.1,69.1,67.59,68.0,62.1804987454,515000,0.0000,1.0
2014-02-04,68.22,69.45,67.39,69.38,63.4423971023,496300,0.0000,1.0
2014-02-03,69.45,69.78,67.062,67.98,62.1622103635,746600,0.0000,1.0
2014-01-31,69.0,70.05,68.81,69.32,63.3875319564,271200,0.0000,1.0
2014-01-30,69.94,70.23,69.05,69.75,63.780732169,341200,0.0000,1.0
2014-01-29,69.5,70.33,69.07,69.14,63.2229365185,247300,0.0000,1.0
2014-01-28,69.98,70.6,69.5,70.05,64.0550578988,197400,0.0000,1.0
2014-01-27,70.73,70.95,69.37,69.7,63.7350112141,252500,0.0000,1.0
2014-01-24,71.63,71.86,70.43,70.48,64.4482581115,372800,0.0000,1.0
2014-01-23,72.7,73.02,72.0,72.3,66.112500872,251400,0.0000,1.0
2014-01-22,72.7,73.09,72.4,73.08,66.8257477694,211900,0.0000,1.0
2014-01-21,73.18,73.18,72.08,72.41,66.2130869729,217700,0.0000,1.0
2014-01-17,71.91,72.77,71.6,72.46,66.2588079279,422400,0.0000,1.0
2014-01-16,72.24,72.64,71.77,72.04,65.8747519062,155500,0.0000,1.0
2014-01-15,72.0,72.79,71.56,72.33,66.139933445,227500,0.0000,1.0
2014-01-14,71.17,71.985,70.46,71.89,65.7375890413,205900,0.0000,1.0
2014-01-13,71.87,72.38,70.57,70.87,64.8048815601,189300,0.0000,1.0
2014-01-10,72.11,72.68,71.45,72.29,66.103356681,251000,0.0000,1.0
2014-01-09,72.02,72.49,71.18,71.89,65.7375890413,213000,0.0000,1.0
2014-01-08,72.39,72.52,71.42,71.71,65.5729936035,301900,0.0000,1.0
2014-01-07,72.95,73.15,72.15,72.24,66.057635726,241100,0.0000,1.0
2014-01-06,73.87,74.23,72.015,72.5,66.2953846918,319000,0.0000,1.0
2014-01-03,73.5,74.27,73.1,73.77,67.4566969478,212600,0.0000,1.0
2014-01-02,74.25,74.42,72.99,73.55,67.255524746,193900,0.0000,1.0
2013-12-31,74.73,75.26,74.2,74.3,67.9413390704,304400,0.0000,1.0
2013-12-30,74.7,75.05,74.15,74.77,68.371116047,174400,0.0000,1.0
2013-12-27,74.99,75.1,74.49,74.62,68.2339531821,143000,0.0000,1.0
2013-12-26,75.2,75.53,74.36,74.83,68.425981193,183800,0.0000,1.0
2013-12-24,74.61,75.24,74.24,75.02,68.5997208218,132700,0.0000,1.0
2013-12-23,74.66,74.93,74.22,74.6,68.2156648002,141100,0.0000,1.0
2013-12-20,73.76,74.74,73.75,74.02,67.6853017226,579200,0.0000,1.0
2013-12-19,72.97,73.94,72.52,73.41,67.1275060721,278600,0.0000,1.0
2013-12-18,72.15,73.21,71.39,73.17,66.9080454883,314600,0.1800,1.0
2013-12-17,72.14,72.49,71.93,72.27,65.9228963523,348000,0.0000,1.0
2013-12-16,72.38,72.38,71.77,72.19,65.8499223422,325100,0.0000,1.0
2013-12-13,71.58,72.66,71.48,72.19,65.8499223422,271000,0.0000,1.0
2013-12-12,70.27,71.66,70.0,71.57,65.2843737641,592200,0.0000,1.0
2013-12-11,73.27,73.27,71.37,71.76,65.457687038,299600,0.0000,1.0
2013-12-10,73.96,74.5,73.19,73.23,66.7985844732,351200,0.0000,1.0
2013-12-09,73.58,74.44,73.47,74.3,67.7746118579,178800,0.0000,1.0
2013-12-06,73.0,74.34,72.43,73.77,67.2911590412,237400,0.0000,1.0
2013-12-05,71.84,72.47,71.47,72.43,66.0688443724,164200,0.0000,1.0
2013-12-04,71.37,72.36,71.15,72.08,65.7495830783,223700,0.0000,1.0
2013-12-03,71.62,72.34,71.325,71.96,65.6401220632,187300,0.0000,1.0
2013-12-02,72.02,72.85,71.76,72.08,65.7495830783,172700,0.0000,1.0
2013-11-29,72.07,72.62,71.82,72.12,65.7860700834,67700,0.0000,1.0
2013-11-27,71.98,72.34,71.64,72.11,65.7769483321,109800,0.0000,1.0
2013-11-26,71.9,72.0,71.39,71.93,65.6127568095,150600,0.0000,1.0
2013-11-25,71.85,72.66,71.53,71.75,65.4485652868,234400,0.0000,1.0
2013-11-22,71.61,72.13,71.55,71.77,65.4668087893,104800,0.0000,1.0
2013-11-21,71.04,71.65,70.95,71.59,65.3026172666,101600,0.0000,1.0
2013-11-20,71.5,71.81,70.595,70.86,64.6367294247,90300,0.0000,1.0
2013-11-19,72.15,72.23,71.34,71.4,65.1293039927,112800,0.0000,1.0
2013-11-18,73.07,73.08,71.91,72.06,65.7313395758,160200,0.0000,1.0
2013-11-15,72.57,73.24,71.99,73.19,66.7620974681,148100,0.0000,1.0
2013-11-14,72.11,72.52,71.7,72.32,65.9685051086,94600,0.0000,1.0
2013-11-13,70.5,72.65,70.5,72.29,65.9411398548,207500,0.0000,1.0
2013-11-12,71.0,71.04,70.24,70.94,64.7097034348,157600,0.0000,1.0
2013-11-11,70.79,71.25,70.79,71.02,64.7826774448,84400,0.0000,1.0
2013-11-08,70.28,70.77,69.93,70.74,64.5272684096,182300,0.0000,1.0
2013-11-07,71.99,72.37,70.02,70.07,63.9161110752,148500,0.0000,1.0
2013-11-06,72.88,72.88,71.65,71.96,65.6401220632,112900,0.0000,1.0
2013-11-05,72.35,72.89,71.87,72.38,66.0232356161,189600,0.0000,1.0
2013-11-04,73.11,73.32,71.62,73.0,66.5887841942,245800,0.0000,1.0
2013-11-01,72.16,72.45,71.024,71.82,65.5124175456,242600,0.0000,1.0
2013-10-31,71.92,73.19,71.92,72.09,65.7587048296,182200,0.0000,1.0
2013-10-30,72.74,73.38,71.65,71.91,65.5945133069,261900,0.0000,1.0
2013-10-29,73.03,73.43,72.5,72.74,66.3516186615,234800,0.0000,1.0
2013-10-28,73.38,73.57,72.72,73.07,66.652636453,140500,0.0000,1.0
2013-10-25,73.53,73.65,73.05,73.41,66.9627759959,166500,0.0000,1.0
2013-10-24,73.85,74.04,73.2,73.46,67.0083847522,186400,0.0000,1.0
2013-10-23,73.85,74.42,72.97,73.54,67.0813587622,98300,0.0000,1.0
2013-10-22,74.75,74.97,73.67,74.15,67.6377855891,225900,0.0000,1.0
2013-10-21,74.65,75.08,74.12,74.59,68.0391426445,191500,0.0000,1.0
2013-10-18,74.22,74.98,73.87,74.75,68.1850906646,607900,0.0000,1.0
2013-10-17,72.69,74.15,72.69,73.995,67.4963984445,202800,0.0000,1.0
2013-10-16,73.23,73.71,72.27,72.98,66.5705406917,191400,0.0000,1.0
2013-10-15,73.61,73.61,72.58,72.84,66.4428361741,200300,0.0000,1.0
2013-10-14,72.42,73.81,72.42,73.77,67.2911590412,167800,0.0000,1.0
2013-10-11,72.4,73.22,72.13,73.16,66.7347322144,151600,0.0000,1.0
2013-10-10,71.78,72.56,71.25,72.55,66.1783053875,192700,0.0000,1.0
2013-10-09,71.42,71.8,70.19,70.72,64.5090249071,222100,0.0000,1.0
2013-10-08,72.68,73.1,71.27,71.35,65.0836952364,191100,0.0000,1.0
2013-10-07,73.34,73.94,72.64,72.64,66.2604011489,296200,0.0000,1.0
2013-10-04,74.18,74.735,73.83,73.99,67.4918375689,386300,0.0000,1.0
2013-10-03,74.35,75.02,73.77,74.28,67.7563683554,350900,0.0000,1.0
2013-10-02,74.6,75.12,74.1601,74.76,68.1942124159,281100,0.0000,1.0
2013-10-01,73.67,75.12,73.13,74.9,68.3219169335,644400,0.0000,1.0
2013-09-30,72.46,73.96,72.45,73.63,67.1634545236,326800,0.0000,1.0
2013-09-27,73.71,74.07,73.09,73.44,66.9901412496,252400,0.0000,1.0
2013-09-26,73.59,74.492,73.31,74.27,67.7472466042,245100,0.0000,1.0
2013-09-25,74.54,74.87,73.52,73.63,67.1634545236,266800,0.0000,1.0
2013-09-24,74.08,75.12,73.66,74.44,67.9023163756,204400,0.0000,1.0
2013-09-23,73.99,74.14,73.16,74.07,67.564811579,191500,0.0000,1.0
2013-09-20,74.45,74.45,73.7,74.07,67.564811579,787400,0.0000,1.0
2013-09-19,74.51,74.94,74.13,74.14,67.6286638378,242800,0.0000,1.0
2013-09-18,73.67,74.57,72.93,74.492,67.9497494821,217400,0.0000,1.0
2013-09-17,73.15,73.76,72.67,73.74,67.2637937874,197400,0.0000,1.0
2013-09-16,73.17,73.6,72.95,73.08,66.6617582043,166200,0.0000,1.0
2013-09-13,72.17,72.37,71.65,72.09,65.7587048296,161600,0.0000,1.0
2013-09-12,71.64,72.36,71.49,71.86,65.5489045506,174200,0.0000,1.0
2013-09-11,72.0,72.27,71.07,71.65,65.3573477742,221300,0.0000,1.0
2013-09-10,70.74,72.15,70.44,72.1,65.7678265809,232400,0.0000,1.0
2013-09-09,68.94,70.26,68.83,70.18,64.016450339,247700,0.0000,1.0
2013-09-06,69.37,69.83,68.54,68.82,62.7758921678,149700,0.0000,1.0
2013-09-05,68.7,69.56,68.63,69.24,63.1590057207,181600,0.0000,1.0
2013-09-04,67.09,68.72,67.03,68.55,62.5296048837,366300,0.0000,1.0
2013-09-03,67.67,69.21,66.0,67.11,61.2160727024,463100,0.0000,1.0
2013-08-30,67.6,67.6,66.55,66.65,60.7964721444,237300,0.0000,1.0
2013-08-29,67.78,68.86,67.42,67.47,61.5444557477,196100,0.0000,1.0
2013-08-28,67.0,68.16,66.66,67.89,61.9275693006,414800,0.0000,1.0
2013-08-27,68.4,68.51,67.05,67.07,61.1795856973,213300,0.0000,1.0
2013-08-26,69.68,70.17,69.021,69.27,63.1863709744,210200,0.0000,1.0
2013-08-23,69.0,70.45,65.78,69.75,63.6242150349,919900,0.1800,1.0
2013-08-22,69.72,71.42,69.72,71.37,64.934366181,119500,0.0000,1.0
2013-08-21,69.76,70.68,69.375,69.68,63.3967582387,138400,0.0000,1.0
2013-08-20,69.59,70.33,69.49,69.95,63.6424115786,237700,0.0000,1.0
2013-08-19,70.51,70.87,69.45,69.5,63.2329893454,159300,0.0000,1.0
2013-08-16,70.27,71.42,69.94,70.34,63.9972441807,240100,0.0000,1.0
2013-08-15,71.83,73.22,69.88,70.05,63.7333942971,252900,0.0000,1.0
2013-08-14,73.95,74.33,72.7,72.88,66.3082052301,198400,0.0000,1.0
2013-08-13,73.7,74.11,72.67,73.76,67.1088531528,89200,0.0000,1.0
2013-08-12,72.98,74.01,72.42,73.58,66.9450842595,102200,0.0000,1.0
2013-08-09,73.51,73.95,73.18,73.4,66.7813153662,95500,0.0000,1.0
2013-08-08,72.35,74.17,72.35,73.67,67.0269687061,124900,0.0000,1.0
2013-08-07,73.64,73.64,72.14,72.37,65.8441933659,246700,0.0000,1.0
2013-08-06,74.18,74.48,73.25,73.88,67.2180324149,96300,0.0000,1.0
2013-08-05,73.89,74.62,73.745,74.49,67.7730269977,63500,0.0000,1.0
2013-08-02,74.34,74.57,73.63,74.18,67.4909805704,145900,0.0000,1.0
2013-08-01,73.07,75.88,72.28,74.65,67.9185993473,397700,0.0000,1.0
2013-07-31,71.8,72.88,71.39,72.16,65.653129657,146300,0.0000,1.0
2013-07-30,70.94,71.44,70.56,71.38,64.9434644529,197400,0.0000,1.0
2013-07-29,71.23,71.62,70.61,70.73,64.3520767827,185300,0.0000,1.0
2013-07-26,72.0,72.04,71.25,71.72,65.2528056957,199500,0.0000,1.0
2013-07-25,72.17,72.915,72.06,72.44,65.9078812688,137300,0.0000,1.0
2013-07-24,73.66,73.932,72.48,72.56,66.017060531,93200,0.0000,1.0
2013-07-23,74.0,74.0,73.26,73.53,66.8995929003,124700,0.0000,1.0
2013-07-22,73.63,74.16,73.46,73.73,67.0815583372,91000,0.0000,1.0
2013-07-19,73.68,73.92,73.21,73.73,67.0815583372,408700,0.0000,1.0
2013-07-18,73.75,74.5,73.505,73.96,67.2908185897,124200,0.0000,1.0
2013-07-17,74.1,74.1,73.25,73.58,66.9450842595,97300,0.0000,1.0
2013-07-16,74.16,74.92,73.75,73.78,67.1270496965,177100,0.0000,1.0
2013-07-15,74.13,74.63,73.87,74.19,67.5000788422,128500,0.0000,1.0
2013-07-12,73.29,74.37,72.91,74.33,67.6274546481,171300,0.0000,1.0
2013-07-11,72.75,73.5,72.75,73.42,66.7995119099,101300,0.0000,1.0
2013-07-10,72.2,72.75,71.7,72.27,65.7532106474,154300,0.0000,1.0
2013-07-09,71.03,72.61,71.03,72.3,65.7805054629,143300,0.0000,1.0
2013-07-08,71.0,71.0,70.41,70.8,64.4157646857,184300,0.0000,1.0
2013-07-05,69.5,70.91,69.39,70.88,64.4885508605,117600,0.0000,1.0
2013-07-03,68.73,69.13,68.08,69.07,62.8417636559,186700,0.0000,1.0
2013-07-02,70.33,70.97,69.27,69.39,63.1329083551,216900,0.0000,1.0
2013-07-01,70.0,70.75,69.01,70.42,64.0700303554,207200,0.0000,1.0
2013-06-28,69.35,69.99,69.2265,69.31,63.0601221803,339600,0.0000,1.0
2013-06-27,68.92,69.95,68.92,69.78,63.4877409572,172700,0.0000,1.0
2013-06-26,68.24,68.87,67.93,68.37,62.2048846266,166200,0.0000,1.0
2013-06-25,67.92,68.1,67.3201,67.75,61.640791772,192200,0.0000,1.0
2013-06-24,67.06,67.86,66.5,67.26,61.1949764514,391800,0.0000,1.0
2013-06-21,67.89,68.53,67.39,67.56,61.4679246068,757300,0.0000,1.0
2013-06-20,69.26,69.73,67.49,67.56,61.4679246068,285900,0.0000,1.0
2013-06-19,71.04,71.21,70.05,70.06,63.7424925689,172500,0.0000,1.0
2013-06-18,69.96,71.16,69.9,70.95,64.5522387634,160800,0.0000,1.0
2013-06-17,69.54,70.22,69.41,69.85,63.5514288601,235800,0.0000,1.0
2013-06-14,69.09,69.4,68.45,69.06,62.8326653841,160900,0.0000,1.0
2013-06-13,68.23,69.14,68.2,69.05,62.8235671122,300900,0.0000,1.0
2013-06-12,70.52,70.52,68.34,68.45,62.2776708013,156900,0.0000,1.0
2013-06-11,69.48,70.69,68.74,69.83,63.5332323164,260400,0.0000,1.0
2013-06-10,70.59,70.84,69.29,70.03,63.7151977534,197100,0.0000,1.0
2013-06-07,69.69,70.39,69.08,70.25,63.915359734,111500,0.0000,1.0
2013-06-06,68.08,69.42,67.98,69.36,63.1056135395,371800,0.0000,1.0
2013-06-05,70.38,70.38,68.22,68.37,62.2048846266,252100,0.0000,1.0
2013-06-04,71.35,71.849,69.96,70.54,64.1792096176,291200,0.0000,1.0
2013-06-03,71.09,71.86,70.75,71.3,64.8706782781,410400,0.0000,1.0
2013-05-31,70.16,71.53,70.09,71.22,64.7978921033,268900,0.0000,1.0
2013-05-30,69.57,71.04,69.37,70.74,64.3611750546,237500,0.0000,1.0
2013-05-29,68.59,69.62,68.59,69.18,62.9418446463,321700,0.0000,1.0
2013-05-28,68.64,69.295,68.05,69.24,62.9964342774,488600,0.0000,1.0
2013-05-24,66.5,70.0,65.455,68.0,61.8682485682,1522000,0.0000,1.0
2013-05-23,72.87,73.32,71.73,73.14,66.5447602982,337800,0.1500,1.0
2013-05-22,75.24,75.25,72.97,73.4,66.6446364564,308800,0.0000,1.0
2013-05-21,74.93,75.24,74.85,75.0,68.0973805753,225300,0.0000,1.0
2013-05-20,74.02,75.15,73.92,75.0,68.0973805753,226200,0.0000,1.0
2013-05-17,73.43,74.21,73.045,74.1,67.2802120084,178600,0.0000,1.0
2013-05-16,73.71,74.36,72.93,73.0,66.2814504266,144800,0.0000,1.0
2013-05-15,72.63,73.7,72.63,73.7,66.9170259787,224500,0.0000,1.0
2013-05-14,72.67,73.35,72.451,73.1,66.3722469341,317200,0.0000,1.0
2013-05-13,72.58,73.01,71.78,72.52,65.8456271909,208700,0.0000,1.0
2013-05-10,72.84,73.12,72.79,73.01,66.2905300774,118500,0.0000,1.0
2013-05-09,72.57,73.85,72.57,73.0,66.2814504266,277100,0.0000,1.0
2013-05-08,73.15,73.43,72.44,72.74,66.0453795073,235800,0.0000,1.0
2013-05-07,71.63,73.21,71.58,73.16,66.4267248385,217100,0.0000,1.0
2013-05-06,71.15,72.18,71.13,71.65,65.0556975763,276300,0.0000,1.0
2013-05-03,69.92,71.63,69.82,71.36,64.7923877047,392200,0.0000,1.0
2013-05-02,68.13,69.31,67.76,69.12,62.7585459382,407400,0.0000,1.0
2013-05-01,69.1,69.48,67.79,68.08,61.8142622609,323100,0.0000,1.0
2013-04-30,68.67,69.49,67.91,69.49,63.0944930157,299200,0.0000,1.0
2013-04-29,68.24,68.92,67.61,68.74,62.4135192099,165400,0.0000,1.0
2013-04-26,68.7,69.0,67.58,67.99,61.7325454042,211400,0.0000,1.0
2013-04-25,67.62,69.26,67.62,68.69,62.3681209562,288300,0.0000,1.0
2013-04-24,66.98,67.94,66.98,67.58,61.3602797237,321700,0.0000,1.0
2013-04-23,66.2,67.21,65.75,67.13,60.9516954403,219100,0.0000,1.0
2013-04-22,66.66,66.66,65.43,66.01,59.934774557,320100,0.0000,1.0
2013-04-19,65.6,66.6,64.71,66.52,60.3978367449,403300,0.0000,1.0
2013-04-18,67.29,67.38,64.79,65.43,59.4081548139,589200,0.0000,1.0
2013-04-17,67.6,67.73,66.535,67.18,60.997093694,315300,0.0000,1.0
2013-04-16,67.18,68.1,66.98,68.04,61.7779436579,269800,0.0000,1.0
2013-04-15,67.54,67.6,66.29,66.44,60.325199539,571100,0.0000,1.0
2013-04-12,67.65,68.27,67.48,67.93,61.6780674997,223100,0.0000,1.0
2013-04-11,68.14,68.425,67.695,67.99,61.7325454042,434400,0.0000,1.0
2013-04-10,67.09,68.07,67.01,68.01,61.7507047057,261400,0.0000,1.0
2013-04-09,67.38,67.38,66.655,67.02,60.8518192821,232100,0.0000,1.0
2013-04-08,65.2,67.17,65.2,67.1,60.924456488,272200,0.0000,1.0
2013-04-05,64.2,65.66,63.67,65.56,59.5261902735,354200,0.0000,1.0
2013-04-04,64.35,64.98,64.28,64.81,58.8452164678,162400,0.0000,1.0
2013-04-03,64.89,65.09,64.2,64.34,58.4184728829,311200,0.0000,1.0
2013-04-02,65.34,65.34,64.45,64.83,58.8633757693,505900,0.0000,1.0
2013-04-01,65.78,65.78,64.1,64.94,58.9632519275,327500,0.0000,1.0
2013-03-28,64.63,66.0595,64.47,65.95,59.8802966525,205300,0.0000,1.0
2013-03-27,64.68,64.8,64.07,64.6,58.6545438022,175000,0.0000,1.0
2013-03-26,64.97,65.2,64.73,65.04,59.0540484349,219800,0.0000,1.0
2013-03-25,67.01,67.2846,64.61,64.78,58.8179775156,403800,0.0000,1.0
2013-03-22,66.73,67.13,66.51,66.99,60.8245803299,131100,0.0000,1.0
2013-03-21,67.15,67.58,66.64,66.67,60.5340315061,146500,0.0000,1.0
2013-03-20,67.42,67.8095,66.95,67.66,61.4329169297,150700,0.0000,1.0
2013-03-19,67.95,68.41,66.6,67.27,61.0788105507,127400,0.0000,1.0
2013-03-18,67.02,68.42,67.02,68.03,61.7688640072,330900,0.0000,1.0
2013-03-15,67.46,68.07,67.15,67.72,61.4873948341,550900,0.0000,1.0
2013-03-14,66.92,67.52,66.72,67.35,61.1514477566,152900,0.0000,1.0
2013-03-13,66.74,66.83,66.48,66.62,60.4886332523,120100,0.0000,1.0
2013-03-12,67.35,67.44,66.46,66.67,60.5340315061,163200,0.0000,1.0
2013-03-11,66.38,67.67,66.32,67.4,61.1968460103,339100,0.0000,1.0
2013-03-08,66.23,66.9,66.21,66.63,60.4977129031,201000,0.0000,1.0
2013-03-07,64.75,65.65,64.67,65.51,59.4807920198,327000,0.0000,1.0
2013-03-06,64.02,64.89,63.89,64.8,58.8361368171,317800,0.0000,1.0
2013-03-05,63.01,63.85,63.01,63.78,57.9100124412,280600,0.0000,1.0
2013-03-04,62.83,62.965,61.88,62.83,57.0474456206,277900,0.0000,1.0
2013-03-01,63.11,63.6,62.29,62.95,57.1564014295,663300,0.0000,1.0
2013-02-28,63.76,64.29,63.38,63.4,57.564985713,299000,0.0000,1.0
2013-02-27,62.92,64.37,62.92,63.71,57.846454886,530700,0.0000,1.0
2013-02-26,61.7,62.95,61.46,62.77,56.9929677161,436600,0.0000,1.0
2013-02-25,63.56,64.52,61.32,61.33,55.6854980091,598400,0.0000,1.0
2013-02-22,64.12,64.12,60.76,62.0,56.2938346089,1630600,0.1500,1.0
2013-02-21,68.57,68.59,66.58,66.86,60.5600286718,383800,0.0000,1.0
2013-02-20,70.53,70.7999,68.71,68.75,62.2719409391,257500,0.0000,1.0
2013-02-19,69.94,70.79,69.82,70.6,63.9476222589,258600,0.0000,1.0
2013-02-15,70.03,70.84,69.88,69.99,63.3951003102,149600,0.0000,1.0
2013-02-14,70.06,70.67,70.06,70.17,63.5581395737,107000,0.0000,1.0
2013-02-13,69.95,70.308,69.78,70.14,63.5309663631,165900,0.0000,1.0
2013-02-12,69.23,70.1472,69.23,69.94,63.3498116259,107100,0.0000,1.0
2013-02-11,69.43,69.65,68.95,69.2,62.6795390979,139700,0.0000,1.0
2013-02-08,69.12,69.7,69.12,69.68,63.1143104674,138300,0.0000,1.0
2013-02-07,69.61,69.61,68.32,69.11,62.5980194662,350300,0.0000,1.0
2013-02-06,68.99,69.58,68.8701,69.58,63.0237330988,151200,0.0000,1.0
2013-02-05,69.02,69.5,68.11,69.26,62.7338855191,163500,0.0000,1.0
2013-02-04,68.29,69.01,67.99,68.41,61.9639778857,196200,0.0000,1.0
2013-02-01,67.67,69.294,67.26,69.02,62.5164998344,239900,0.0000,1.0
2013-01-31,66.36,67.79,66.09,67.62,61.2484166734,391700,0.0000,1.0
2013-01-30,67.0,67.29,66.34,66.41,60.1524305129,193700,0.0000,1.0
2013-01-29,66.67,67.4,66.67,67.26,60.9223381463,140000,0.0000,1.0
2013-01-28,67.75,68.07,66.69,66.86,60.5600286718,251000,0.0000,1.0
2013-01-25,67.5,67.8,67.14,67.62,61.2484166734,118900,0.0000,1.0
2013-01-24,66.44,67.25,66.34,67.03,60.7140101985,212800,0.0000,1.0
2013-01-23,66.63,66.87,66.35,66.49,60.2248924078,108600,0.0000,1.0
2013-01-22,65.98,66.86,65.98,66.69,60.4060471451,159800,0.0000,1.0
2013-01-18,65.9,66.47,65.43,66.1,59.8716406701,585100,0.0000,1.0
2013-01-17,65.89,66.29,65.61,66.06,59.8354097227,159700,0.0000,1.0
2013-01-16,64.58,65.67,64.48,65.63,59.4459270375,172300,0.0000,1.0
2013-01-15,64.21,64.85,64.11,64.63,58.5401533511,164000,0.0000,1.0
2013-01-14,64.1,64.82,64.0,64.38,58.3137099296,216700,0.0000,1.0
2013-01-11,64.87,65.1,64.082,64.49,58.4133450351,231800,0.0000,1.0
2013-01-10,65.76,65.83,64.36,64.91,58.7937699833,136000,0.0000,1.0
2013-01-09,64.8,65.55,64.227,65.45,59.282887774,137900,0.0000,1.0
2013-01-08,64.94,65.3805,63.97,64.36,58.2955944558,192100,0.0000,1.0
2013-01-07,65.24,65.76,65.04,65.08,58.94775151,179900,0.0000,1.0
2013-01-04,65.11,65.7,64.77,65.52,59.346291932,158000,0.0000,1.0
2013-01-03,65.17,65.88,64.6387,65.03,58.9024628257,205100,0.0000,1.0
2013-01-02,64.58,65.46,64.0865,65.29,59.1379639842,362500,0.0000,1.0
2012-12-31,61.74,63.35,61.42,63.12,57.1724350847,237500,0.0000,1.0
2012-12-28,61.95,62.75,61.5443,61.85,56.022102503,175100,0.0000,1.0
2012-12-27,62.32,62.51,61.88,62.11,56.2576036615,251800,0.0000,1.0
2012-12-26,62.61,62.98,62.05,62.11,56.2576036615,133600,0.0000,1.0
2012-12-24,62.5,63.01,62.14,62.55,56.6561440835,101600,0.0000,1.0
2012-12-21,62.0,62.75,61.39,62.71,56.8010678733,739200,0.0000,1.0
2012-12-20,62.44,63.09,62.1829,63.0208,57.082582335,220200,0.0000,1.0
2012-12-19,62.16,62.4,61.81,62.2988,56.4286137334,315800,0.1500,1.0
2012-12-18,61.26,62.37,60.73,62.0,56.0230789298,563500,0.0000,1.0
2012-12-17,61.1,62.17,60.7544,61.1,55.2098406873,305200,0.0000,1.0
2012-12-14,64.5,64.74,60.78,61.1,55.2098406873,428700,0.0000,1.0
2012-12-13,62.0,62.34,61.6,61.97,55.9959709884,310700,0.0000,1.0
2012-12-12,62.71,63.0,61.76,61.99,56.0140429494,446400,0.0000,1.0
2012-12-11,64.14,64.39,62.66,62.77,56.7188494262,291400,0.0000,1.0
2012-12-10,63.0,64.5,62.78,63.7,57.5591956102,414300,0.0000,1.0
2012-12-07,63.04,63.38,62.31,63.28,57.1796844303,163200,0.0000,1.0
2012-12-06,62.37,63.12,61.9101,63.05,56.9718568795,209200,0.0000,1.0
2012-12-05,61.66,62.82,61.54,62.59,56.5562017777,233600,0.0000,1.0
2012-12-04,61.36,61.93,61.09,61.68,55.7339275547,179600,0.0000,1.0
2012-12-03,61.53,62.14,60.72,61.51,55.5803158867,237700,0.0000,1.0
2012-11-30,61.82,61.82,60.19,61.19,55.2911645116,2188400,0.0000,1.0
2012-11-29,62.0,62.0507,60.69,61.51,55.5803158867,311500,0.0000,1.0
2012-11-28,61.57,61.73,60.75,61.59,55.6526037305,225100,0.0000,1.0
2012-11-27,62.0,62.75,61.59,62.03,56.0501868713,247700,0.0000,1.0
2012-11-26,61.17,62.21,61.17,62.17,56.1766905979,304300,0.0000,1.0
2012-11-23,61.61,62.3,61.32,61.5,55.5712799062,86500,0.0000,1.0
2012-11-21,61.03,61.56,60.5101,61.33,55.4176682382,109900,0.0000,1.0
2012-11-20,60.39,61.13,57.95,60.95,55.0743009802,181500,0.0000,1.0
2012-11-19,60.27,60.86,59.2,60.59,54.7490056832,170500,0.0000,1.0
2012-11-16,59.67,60.28,59.16,59.81,54.0441992063,177300,0.0000,1.0
2012-11-15,58.74,59.6,58.41,59.52,53.7821557726,201300,0.0000,1.0
2012-11-14,60.53,61.18,58.81,58.89,53.2128890029,215000,0.0000,1.0
2012-11-13,59.94,61.57,59.6243,60.47,54.6405739175,209300,0.0000,1.0
2012-11-12,60.47,60.47,59.8,60.12,54.324314601,151300,0.0000,1.0
2012-11-09,59.29,60.79,59.22,59.92,54.1435949915,169200,0.0000,1.0
2012-11-08,60.0437,60.41,59.74,59.79,54.0261272454,172600,0.0000,1.0
2012-11-07,61.02,61.39,60.04,60.21,54.4056384252,170300,0.0000,1.0
2012-11-06,61.44,62.02,61.02,61.84,55.8785032423,245300,0.0000,1.0
2012-11-05,59.85,61.9,59.52,61.33,55.4176682382,364500,0.0000,1.0
2012-11-02,61.18,61.92,59.96,60.03,54.2429907767,175000,0.0000,1.0
2012-11-01,58.84,61.85,58.84,61.03,55.146588824,294500,0.0000,1.0
2012-10-31,58.76,59.85,57.74,59.03,53.3393927295,177400,0.0000,1.0
2012-10-26,58.06,58.43,57.31,58.35,52.7249460574,114700,0.0000,1.0
2012-10-25,58.34,58.4598,57.57,58.12,52.5171185065,107900,0.0000,1.0
2012-10-24,58.18,58.18,57.45,57.81,52.2370031118,222800,0.0000,1.0
2012-10-23,56.71,57.91,56.15,57.8,52.2279671314,278600,0.0000,1.0
2012-10-22,57.51,58.1,57.11,57.45,51.9117078148,126400,0.0000,1.0
2012-10-19,58.08,58.43,57.29,57.5,51.9568877172,277500,0.0000,1.0
2012-10-18,57.88,58.57,57.72,58.49,52.851449784,116200,0.0000,1.0
2012-10-17,57.5524,58.17,57.55,58.03,52.4357946822,206300,0.0000,1.0
2012-10-16,57.44,57.76,57.05,57.64,52.0833914438,166700,0.0000,1.0
2012-10-15,57.19,57.5,56.58,57.25,51.7309882054,89600,0.0000,1.0
2012-10-12,57.43,57.485,56.64,56.94,51.4508728107,130200,0.0000,1.0
2012-10-11,57.53,57.96,57.07,57.23,51.7129162444,207800,0.0000,1.0
2012-10-10,57.74,58.09,57.01,57.08,51.5773765373,163500,0.0000,1.0
2012-10-09,58.29,58.46,57.57,57.63,52.0743554633,263900,0.0000,1.0
2012-10-08,57.96,58.335,57.85,58.17,52.5622984088,87300,0.0000,1.0
2012-10-05,59.06,59.75,58.285,58.5,52.8604857644,146300,0.0000,1.0
2012-10-04,58.72,59.17,57.59,58.86,53.1857810615,226900,0.0000,1.0
2012-10-03,58.23,58.95,57.51,58.5,52.8604857644,253300,0.0000,1.0
2012-10-02,58.17,58.46,57.53,57.95,52.3635068385,155600,0.0000,1.0
2012-10-01,58.85,58.85,57.24,58.08,52.4809745846,301900,0.0000,1.0
2012-09-28,58.61,59.0,58.15,58.55,52.9056656668,172800,0.0000,1.0
2012-09-27,58.55,59.33,58.1,59.06,53.3665006709,173400,0.0000,1.0
2012-09-26,59.21,59.68,57.73,58.38,52.7520539988,222200,0.0000,1.0
2012-09-25,61.15,61.15,59.08,59.2892,53.5736053433,217200,0.0000,1.0
2012-09-24,60.74,61.25,60.3,60.92,55.0471930388,168900,0.0000,1.0
2012-09-21,61.82,62.29,61.0,61.01,55.1285168631,412400,0.0000,1.0
2012-09-20,61.92,62.22,61.05,61.36,55.4447761796,196100,0.0000,1.0
2012-09-19,61.75,62.9,61.55,62.56,56.5290938363,238200,0.0000,1.0
2012-09-18,62.0,62.26,61.635,61.91,55.9417551056,199900,0.0000,1.0
2012-09-17,62.23,62.43,61.88,62.09,56.1044027541,204000,0.0000,1.0
2012-09-14,62.4,62.608,61.89,62.4,56.3845181487,351700,0.0000,1.0
2012-09-13,61.95,62.5,61.23,62.39,56.3754821683,205700,0.0000,1.0
2012-09-12,61.54,62.12,61.14,61.93,55.9598270665,359100,0.0000,1.0
2012-09-11,62.54,62.54,61.48,61.56,55.625495789,160100,0.0000,1.0
2012-09-10,62.43,62.88,62.24,62.36,56.3483742268,200900,0.0000,1.0
2012-09-07,61.99,63.24,61.99,62.81,56.7549933481,222000,0.0000,1.0
2012-09-06,60.78,62.2,60.78,62.12,56.1315106955,265400,0.0000,1.0
2012-09-05,60.0,61.2,59.66,60.21,54.4056384252,448900,0.0000,1.0
2012-09-04,58.92,59.812,58.02,59.71,53.9538394016,272700,0.0000,1.0
2012-08-31,59.49,59.79,58.54,58.81,53.1406011591,207100,0.0000,1.0
2012-08-30,58.93,59.4454,58.34,59.04,53.34842871,367800,0.0000,1.0
2012-08-29,59.48,59.87,58.6385,59.28,53.5652922413,278400,0.0000,1.0
2012-08-28,59.52,60.15,59.15,59.48,53.7460118508,222800,0.0000,1.0
2012-08-27,59.59,60.0,58.96,59.53,53.7911917531,208500,0.0000,1.0
2012-08-24,58.86,59.81,58.44,59.37,53.6466160656,259800,0.1500,1.0
2012-08-23,61.18,61.18,59.2,59.24,53.3942462319,453600,0.0000,1.0
2012-08-22,60.09,61.66,60.02,61.29,55.2419539425,602100,0.0000,1.0
2012-08-21,60.5,62.44,59.15,61.07,55.0436633589,2321100,0.0000,1.0
2012-08-20,54.59,55.438,54.23,55.0,49.5726458939,383100,0.0000,1.0
2012-08-17,55.1,55.646,54.85,55.24,49.7889628942,178000,0.0000,1.0
2012-08-16,54.23,55.35,53.82,55.05,49.6177119356,212500,0.0000,1.0
2012-08-15,53.83,54.47,53.66,54.35,48.9867873515,343000,0.0000,1.0
2012-08-14,54.29,54.89,53.93,54.41,49.0408666016,352400,0.0000,1.0
2012-08-13,53.89,54.18,53.56,53.93,48.6082326011,174600,0.0000,1.0
2012-08-10,53.63,54.0,53.14,53.93,48.6082326011,194200,0.0000,1.0
2012-08-09,53.24,53.99,53.24,53.76,48.4550080592,218100,0.0000,1.0
2012-08-08,51.04,53.33,50.85,53.22,47.9682948086,259300,0.0000,1.0
2012-08-07,51.55,52.98,51.55,52.41,47.2382249327,219200,0.0000,1.0
2012-08-06,52.02,52.52,51.26,51.27,46.2107191815,212700,0.0000,1.0
2012-08-03,50.98,52.69,50.87,51.83,46.7154588488,152100,0.0000,1.0
2012-08-02,50.06,50.728,49.53,50.17,45.2192662636,136400,0.0000,1.0
2012-08-01,51.375,51.91,50.38,50.64,45.6428870558,118900,0.0000,1.0
2012-07-31,51.42,52.38,51.19,51.26,46.2017059731,140400,0.0000,1.0
2012-07-30,52.12,52.39,51.38,51.6,46.5081550568,116300,0.0000,1.0
2012-07-27,50.47,52.28,50.47,52.01,46.8776965989,251900,0.0000,1.0
2012-07-26,50.27,50.59,49.5,50.56,45.570781389,153600,0.0000,1.0
2012-07-25,49.7,50.1199,48.98,49.39,44.5162360127,253200,0.0000,1.0
2012-07-24,51.17,51.2771,49.22,49.65,44.7505794297,215400,0.0000,1.0
2012-07-23,50.87,51.57,50.5,51.12,46.0755210563,153600,0.0000,1.0
2012-07-20,52.43,52.56,50.95,51.92,46.7965777238,2582600,0.0000,1.0
2012-07-19,52.4,53.21,52.2,53.07,47.8330966834,330500,0.0000,1.0
2012-07-18,51.02,52.3699,50.7684,52.28,47.1210532242,277600,0.0000,1.0
2012-07-17,51.0,51.72,50.37,51.09,46.0484814313,496800,0.0000,1.0
2012-07-16,50.97,51.12,49.83,50.81,45.7961115976,289500,0.0000,1.0
2012-07-13,49.76,51.155,49.5,50.89,45.8682172644,305600,0.0000,1.0
2012-07-12,49.58,49.72,48.89,49.41,44.5342624294,494600,0.0000,1.0
2012-07-11,50.44,50.725,49.52,50.11,45.1651870135,299800,0.0000,1.0
2012-07-10,51.64,52.35,49.95,50.4,45.4265700555,208200,0.0000,1.0
2012-07-09,51.06,51.72,50.91,51.43,46.354930515,266300,0.0000,1.0
2012-07-06,51.92,52.16,50.95,51.24,46.1836795564,267400,0.0000,1.0
2012-07-05,52.09,52.94,51.71,52.6,47.4094758913,213500,0.0000,1.0
2012-07-03,51.07,52.39,51.07,52.39,47.220198516,134200,0.0000,1.0
2012-07-02,51.32,51.48,50.47,50.98,45.9493361395,286800,0.0000,1.0
2012-06-29,50.5,51.32,50.18,51.29,46.2287455982,529300,0.0000,1.0
2012-06-28,48.56,49.52,48.36,49.37,44.498209596,568300,0.0000,1.0
2012-06-27,49.0,49.03,48.03,48.95,44.1196548456,363900,0.0000,1.0
2012-06-26,48.85,49.14,47.82,47.85,43.1282019277,461800,0.0000,1.0
2012-06-25,50.01,50.01,48.5,48.84,44.0205095538,232100,0.0000,1.0
2012-06-22,50.98,51.018,50.33,50.43,45.4536096805,639700,0.0000,1.0
2012-06-21,53.19,53.33,50.72,50.8,45.7870983893,205000,0.0000,1.0
2012-06-20,53.36,53.71,52.74,53.2,47.9502683919,144300,0.0000,1.0
2012-06-19,52.63,54.03,52.39,53.47,48.1936250172,199500,0.0000,1.0
2012-06-18,51.2,52.5,50.84,52.38,47.2111853077,185500,0.0000,1.0
2012-06-15,52.23,52.39,51.42,51.51,46.4270361817,335800,0.0000,1.0
2012-06-14,50.72,52.25,50.72,51.95,46.8236173489,383200,0.0000,1.0
2012-06-13,51.72,51.95,50.39,50.62,45.6248606391,284300,0.0000,1.0
2012-06-12,50.73,51.81,49.5,51.72,46.616313557,233100,0.0000,1.0
2012-06-11,52.16,52.55,50.37,50.43,45.4536096805,145800,0.0000,1.0
2012-06-08,50.9,51.82,50.51,51.65,46.5532210986,126600,0.0000,1.0
2012-06-07,51.1,52.11,51.1,51.21,46.1566399314,283700,0.0000,1.0
2012-06-06,50.21,50.79,49.97,50.57,45.5797945974,395600,0.0000,1.0
2012-06-05,50.01,50.24,49.0,49.64,44.7415662213,347600,0.0000,1.0
2012-06-04,51.87,51.98,49.7,50.12,45.1742002219,400500,0.0000,1.0
2012-06-01,52.13,52.51,51.51,51.88,46.7605248905,456600,0.0000,1.0
2012-05-31,53.46,53.88,52.5,53.61,48.319809934,526400,0.0000,1.0
2012-05-30,53.47,53.66,53.03,53.55,48.265730684,250800,0.0000,1.0
2012-05-29,53.72,54.8,53.53,54.1,48.7614571429,164100,0.0000,1.0
2012-05-25,53.68,54.01,53.14,53.35,48.0854665171,214400,0.0000,1.0
2012-05-24,53.81,54.32,53.17,53.8,48.4910608926,284900,0.1250,1.0
2012-05-23,52.98,53.98,52.26,53.75,48.3336953728,480000,0.0000,1.0
2012-05-22,54.0,54.32,52.23,53.28,47.9110565481,1085600,0.0000,1.0
2012-05-21,48.47,49.29,48.16,49.0,44.0623455491,561500,0.0000,1.0
2012-05-18,48.9,49.3599,48.08,48.2,43.3429603157,451100,0.0000,1.0
2012-05-17,50.99,50.99,48.39,48.43,43.5497835703,298300,0.0000,1.0
2012-05-16,51.14,51.94,50.77,50.87,45.7439085323,172100,0.0000,1.0
2012-05-15,51.26,51.77,50.73,50.87,45.7439085323,210000,0.0000,1.0
2012-05-14,51.49,51.8,50.61,51.28,46.1125934645,160900,0.0000,1.0
2012-05-11,51.32,52.53,51.32,51.98,46.7420555437,181100,0.0000,1.0
2012-05-10,51.67,51.94,51.26,51.66,46.4543014504,159000,0.0000,1.0
2012-05-09,50.12,51.4695,49.86,51.18,46.0226703103,300000,0.0000,1.0
2012-05-08,50.65,51.0268,49.77,50.88,45.7529008477,361900,0.0000,1.0
2012-05-07,51.26,51.3876,50.62,51.08,45.9327471561,295000,0.0000,1.0
2012-05-04,53.03,53.03,50.78,51.36,46.1845319878,549100,0.0000,1.0
2012-05-03,54.17,54.42,53.23,53.41,48.0279566485,129200,0.0000,1.0
2012-05-02,53.66,54.53,53.59,54.19,48.7293572512,176300,0.0000,1.0
2012-05-01,53.74,55.0,53.53,54.12,48.6664110432,215000,0.0000,1.0
2012-04-30,54.3,54.37,53.65,53.9,48.468580104,308900,0.0000,1.0
2012-04-27,53.72,54.76,53.48,54.42,48.9361805058,283800,0.0000,1.0
2012-04-26,53.0,53.71,52.4,53.44,48.0549335948,120800,0.0000,1.0
2012-04-25,52.99,53.38,51.48,53.14,47.7851641323,174100,0.0000,1.0
2012-04-24,51.7,52.48,51.62,52.36,47.0837635296,180300,0.0000,1.0
2012-04-23,51.84,51.96,50.96,51.66,46.4543014504,318000,0.0000,1.0
2012-04-20,52.53,53.17,52.38,52.55,47.2546175226,172200,0.0000,1.0
2012-04-19,52.74,53.71,52.11,52.41,47.1287251067,205100,0.0000,1.0
2012-04-18,53.09,53.39,52.59,52.76,47.4434561464,258400,0.0000,1.0
2012-04-17,53.33,53.96,52.89,53.55,48.1538490644,241200,0.0000,1.0
2012-04-16,52.99,53.27,52.28,52.67,47.3625253076,182400,0.0000,1.0
2012-04-13,52.72,53.08,52.31,52.73,47.4164792001,244400,0.0000,1.0
2012-04-12,51.68,53.17,51.56,53.02,47.6772563472,324700,0.0000,1.0
2012-04-11,51.66,52.0429,51.27,51.63,46.4273245041,211600,0.0000,1.0
2012-04-10,52.11,52.13,50.88,51.0,45.8608086328,287800,0.0000,1.0
2012-04-09,52.56,52.82,52.09,52.27,47.0028326909,239700,0.0000,1.0
2012-04-05,53.14,53.76,53.14,53.45,48.0639259102,193600,0.0000,1.0
2012-04-04,53.79,54.198,53.38,53.67,48.2617568494,310000,0.0000,1.0
2012-04-03,54.32,54.93,54.01,54.5,49.0081190291,241700,0.0000,1.0
2012-04-02,54.37,55.0755,53.74,54.52,49.02610366,296300,0.0000,1.0
2012-03-30,54.96,55.07,54.06,54.51,49.0171113446,592900,0.0000,1.0
2012-03-29,54.26,54.91,54.06,54.71,49.1969576529,205300,0.0000,1.0
2012-03-28,55.4,55.4,54.29,54.82,49.2958731225,282200,0.0000,1.0
2012-03-27,54.79,55.78,54.69,55.15,49.5926195313,289500,0.0000,1.0
2012-03-26,54.5,54.99,54.12,54.9,49.3678116459,295200,0.0000,1.0
2012-03-23,53.78,54.12,53.03,53.74,48.3247030573,246900,0.0000,1.0
2012-03-22,54.47,54.59,53.2,53.62,48.2167952723,360600,0.0000,1.0
2012-03-21,55.53,55.62,54.61,54.85,49.3228500688,469800,0.0000,1.0
2012-03-20,56.5,56.64,55.39,55.53,49.9343275172,410400,0.0000,1.0
2012-03-19,55.82,56.99,55.42,56.46,50.7706128511,321200,0.0000,1.0
2012-03-16,56.17,56.35,55.63,55.84,50.2130892952,794300,0.0000,1.0
2012-03-15,54.93,56.16,54.87,56.01,50.3659586573,214400,0.0000,1.0
2012-03-14,55.94,56.46,55.06,55.25,49.6825426855,303100,0.0000,1.0
2012-03-13,55.0,56.32,54.88,56.31,50.6357281198,265100,0.0000,1.0
2012-03-12,54.98,55.0,54.5,54.71,49.1969576529,171600,0.0000,1.0
2012-03-09,54.98,55.78,54.454,55.15,49.5926195313,192100,0.0000,1.0
2012-03-08,54.06,55.11,53.7,54.96,49.4217655384,254600,0.0000,1.0
2012-03-07,53.68,54.025,52.66,53.56,48.1628413798,236500,0.0000,1.0
2012-03-06,53.84,54.33,52.52,52.76,47.4434561464,304100,0.0000,1.0
2012-03-05,54.82,54.9,54.0,54.48,48.9901343983,249000,0.0000,1.0
2012-03-02,55.6,55.81,54.64,54.89,49.3588193304,193200,0.0000,1.0
2012-03-01,55.35,55.84,55.28,55.58,49.9792890943,296900,0.0000,1.0
2012-02-29,54.86,55.395,54.33,54.97,49.4307578538,383800,0.0000,1.0
2012-02-28,54.52,55.08,54.5,54.88,49.349827015,423800,0.0000,1.0
2012-02-27,54.1,55.28,53.76,54.81,49.2868808071,856200,0.0000,1.0
2012-02-24,54.16,59.0,53.99,54.46,48.9721497675,2441000,0.1250,1.0
2012-02-23,51.56,51.98,50.54,50.95,45.7109284721,753400,0.0000,1.0
2012-02-22,51.99,52.79,51.69,51.86,46.5273552613,476400,0.0000,1.0
2012-02-21,52.71,52.96,52.29,52.91,47.469386172,313000,0.0000,1.0
2012-02-17,52.38,52.9,51.98,52.46,47.0656586388,250500,0.0000,1.0
2012-02-16,51.02,52.3,51.02,52.21,46.8413655649,332600,0.0000,1.0
2012-02-15,50.95,51.46,50.47,51.18,45.9172781002,396900,0.0000,1.0
2012-02-14,49.81,50.77,49.69,50.68,45.4686919523,210300,0.0000,1.0
2012-02-13,50.13,50.58,49.59,50.25,45.0829078651,313600,0.0000,1.0
2012-02-10,49.81,50.06,49.1,49.89,44.7599258386,438200,0.0000,1.0
2012-02-09,49.12,50.65,48.9338,50.54,45.3430878309,527400,0.0000,1.0
2012-02-08,48.99,49.35,48.69,49.06,44.015272833,306800,0.0000,1.0
2012-02-07,48.29,49.03,48.02,49.01,43.9704142183,286800,0.0000,1.0
2012-02-06,47.4,48.53,47.25,48.51,43.5218280703,335900,0.0000,1.0
2012-02-03,46.93,47.96,46.71,47.9,42.9745529699,415000,0.0000,1.0
2012-02-02,46.36,46.69,46.15,46.49,41.7095400328,230700,0.0000,1.0
2012-02-01,45.73,46.68,45.5,46.35,41.5839359114,199100,0.0000,1.0
2012-01-31,45.93,46.16,44.99,45.34,40.6777918926,230100,0.0000,1.0
2012-01-30,45.44,45.82,44.79,45.66,40.9648870272,162400,0.0000,1.0
2012-01-27,45.65,46.14,45.47,46.11,41.3686145604,189000,0.0000,1.0
2012-01-26,46.21,46.58,45.72,45.83,41.1174063175,298200,0.0000,1.0
2012-01-25,45.53,46.01,45.01,45.94,41.2160952701,196200,0.0000,1.0
2012-01-24,44.97,45.765,44.64,45.55,40.8661980747,202900,0.0000,1.0
2012-01-23,44.81,45.57,44.81,45.4,40.7316222303,239300,0.0000,1.0
2012-01-20,44.67,45.1,44.43,44.92,40.3009795283,336100,0.0000,1.0
2012-01-19,43.83,45.18,43.7613,45.0,40.372753312,381700,0.0000,1.0
2012-01-18,42.83,43.94,42.66,43.72,39.2243727734,341700,0.0000,1.0
2012-01-17,42.77,43.32,42.77,42.86,38.4528045989,306000,0.0000,1.0
2012-01-13,42.04,42.28,41.74,42.16,37.8247839919,283000,0.0000,1.0
2012-01-12,42.24,42.59,41.71,42.42,38.0580487888,621600,0.0000,1.0
2012-01-11,41.95,42.335,41.92,41.99,37.6722647016,692400,0.0000,1.0
2012-01-10,42.0,42.13,41.62,42.01,37.6902081475,314900,0.0000,1.0
2012-01-09,42.01,42.18,41.24,41.32,37.0711592634,444300,0.0000,1.0
2012-01-06,42.06,42.21,41.63,41.85,37.5466605802,336400,0.0000,1.0
2012-01-05,41.37,42.35,41.05,42.04,37.7171233164,378500,0.0000,1.0
2012-01-04,41.17,41.75,40.82,41.6,37.3223675062,470100,0.0000,1.0
2012-01-03,42.14,42.71,41.45,41.59,37.3133957832,412100,0.0000,1.0
2011-12-30,41.23,41.66,41.12,41.18,36.945555142,202100,0.0000,1.0
2011-12-29,40.4,41.52,40.4,41.4,37.142933047,142800,0.0000,1.0
2011-12-28,41.18,41.29,40.26,40.38,36.2278173053,139600,0.0000,1.0
2011-12-27,41.07,41.67,40.99,41.22,36.9814420338,124900,0.0000,1.0
2011-12-23,40.94,42.129,40.94,41.36,37.1070461552,180800,0.0000,1.0
2011-12-22,41.21,41.552,40.73,40.96,36.7481772369,250800,0.0000,1.0
2011-12-21,41.06,41.34,39.85,41.01,36.7930358517,311100,0.0000,1.0
2011-12-20,40.53,41.95,40.27,41.34,37.0891027093,290600,0.0000,1.0
2011-12-19,40.54,40.54,39.5,39.65,35.5728815294,469900,0.0000,1.0
2011-12-16,40.56,41.78,39.98,40.25,36.1111849068,1138400,0.1250,1.0
2011-12-15,43.93,44.31,39.38,40.43,36.1603766138,1830800,0.0000,1.0
2011-12-14,45.81,46.03,44.34,44.53,39.8273947716,562400,0.0000,1.0
2011-12-13,47.19,47.6299,45.96,46.23,41.347865715,325600,0.0000,1.0
2011-12-12,46.63,46.73,45.95,46.65,41.7235114775,272600,0.0000,1.0
2011-12-09,46.55,47.71,46.17,47.32,42.3227559082,458200,0.0000,1.0
2011-12-08,47.44,47.7097,45.95,46.24,41.3568096617,262300,0.0000,1.0
2011-12-07,47.99,48.49,46.981,48.05,42.9756640192,232300,0.0000,1.0
2011-12-06,48.09,48.96,47.65,48.39,43.2797582079,269000,0.0000,1.0
2011-12-05,47.96,48.57,47.27,47.96,42.8951684986,244200,0.0000,1.0
2011-12-02,47.23,47.69,46.83,47.07,42.09915724,188800,0.0000,1.0
2011-12-01,46.65,47.52,46.3,46.52,41.6072401701,229100,0.0000,1.0
2011-11-30,45.9,47.07,45.9,47.06,42.0902132933,571100,0.0000,1.0
2011-11-29,43.66,44.5,43.61,44.04,39.389141382,263500,0.0000,1.0
2011-11-28,43.42,44.17,43.04,43.73,39.1118790335,405800,0.0000,1.0
2011-11-25,41.78,42.86,41.78,42.21,37.7523991311,170500,0.0000,1.0
2011-11-23,42.7,42.72,41.9,42.08,37.6361278237,268600,0.0000,1.0
2011-11-22,42.86,43.55,42.54,43.09,38.539466443,218900,0.0000,1.0
2011-11-21,42.94,43.21,42.33,42.89,38.3605875085,237100,0.0000,1.0
2011-11-18,44.1,44.12,43.41,43.81,39.1834306073,146700,0.0000,1.0
2011-11-17,44.84,45.05,43.54,43.8,39.1744866606,310100,0.0000,1.0
2011-11-16,44.8,46.03,44.67,44.84,40.1046571201,177100,0.0000,1.0
2011-11-15,44.35,45.71,43.91,45.42,40.6234060302,164200,0.0000,1.0
2011-11-14,45.35,45.6723,43.98,44.58,39.8721145052,232100,0.0000,1.0
2011-11-11,45.14,45.87,44.71,45.5,40.694957604,181200,0.0000,1.0
2011-11-10,44.74,45.04,43.91,44.43,39.7379553043,228000,0.0000,1.0
2011-11-09,45.39,46.06,43.59,44.0,39.3533655951,349600,0.0000,1.0
2011-11-08,46.54,47.14,45.74,46.78,41.8397827849,238200,0.0000,1.0
2011-11-07,47.33,47.89,45.35,46.03,41.1689867805,379800,0.0000,1.0
2011-11-04,47.01,47.81,46.18,47.69,42.653681937,149600,0.0000,1.0
2011-11-03,46.91,47.79,45.76,47.59,42.5642424698,340800,0.0000,1.0
2011-11-02,45.95,46.73,45.23,46.24,41.3568096617,227300,0.0000,1.0
2011-11-01,44.73,46.178,44.31,45.2,40.4266392022,349600,0.0000,1.0
2011-10-31,46.64,47.77,46.01,46.37,41.4730809692,351100,0.0000,1.0
2011-10-28,47.81,48.22,47.04,47.57,42.5463545763,283600,0.0000,1.0
2011-10-27,46.78,48.7,46.78,47.99,42.9220003388,356400,0.0000,1.0
2011-10-26,45.37,45.61,43.57,45.2,40.4266392022,497100,0.0000,1.0
2011-10-25,45.74,46.19,44.33,44.48,39.7826750379,259000,0.0000,1.0
2011-10-24,44.67,46.34,44.21,46.23,41.347865715,163600,0.0000,1.0
2011-10-21,44.15,44.5,43.41,44.44,39.746899251,333300,0.0000,1.0
2011-10-20,43.71,44.46,42.18,43.25,38.6825695906,282900,0.0000,1.0
2011-10-19,45.05,45.15,43.43,43.65,39.0403274597,398300,0.0000,1.0
2011-10-18,43.9,45.88,43.22,45.17,40.399807362,273300,0.0000,1.0
2011-10-17,44.85,45.11,43.33,43.62,39.0134956195,258400,0.0000,1.0
2011-10-14,44.24,45.36,43.73,45.16,40.3908634153,345600,0.0000,1.0
2011-10-13,44.17,45.06,42.99,43.54,38.9419440457,389800,0.0000,1.0
2011-10-12,43.45,45.34,43.14,44.7,39.9794418659,388100,0.0000,1.0
2011-10-11,42.16,43.28,42.08,43.03,38.4858027626,177800,0.0000,1.0
2011-10-10,41.64,42.59,41.54,42.56,38.0654372665,317100,0.0000,1.0
2011-10-07,41.25,41.81,40.3,40.65,36.3571434418,323300,0.0000,1.0
2011-10-06,40.4,41.14,39.71,41.11,36.7685649912,1196400,0.0000,1.0
2011-10-05,40.3,40.99,39.87,40.4,36.1335447737,652800,0.0000,1.0
2011-10-04,36.61,40.49,36.61,40.41,36.1424887204,579300,0.0000,1.0
2011-10-03,39.43,39.9,37.15,37.21,33.280425768,510400,0.0000,1.0
2011-09-30,40.34,40.84,39.67,39.74,35.5432442897,446100,0.0000,1.0
2011-09-29,40.97,41.4,39.97,41.21,36.8580044585,524400,0.0000,1.0
2011-09-28,42.24,42.56,39.91,40.02,35.7936747981,317900,0.0000,1.0
2011-09-27,41.98,43.46,41.74,42.09,37.6450717704,283900,0.0000,1.0
2011-09-26,39.49,40.99,38.36,40.93,36.6075739501,472900,0.0000,1.0
2011-09-23,39.23,40.25,38.87,39.1,34.9708316993,515400,0.0000,1.0
2011-09-22,40.33,40.49,38.91,39.51,35.337533515,605700,0.0000,1.0
2011-09-21,43.01,43.34,41.88,41.95,37.5198565162,667800,0.0000,1.0
2011-09-20,44.29,44.44,43.13,43.16,38.6020740701,696500,0.0000,1.0
2011-09-19,43.62,44.65,43.2,44.13,39.4696369025,455200,0.0000,1.0
2011-09-16,44.75,45.13,44.01,44.62,39.9078902921,1556000,0.0000,1.0
2011-09-15,44.27,44.87,43.86,44.57,39.8631705585,428000,0.0000,1.0
2011-09-14,42.93,44.49,41.89,43.75,39.1297669269,577500,0.0000,1.0
2011-09-13,40.78,42.71,40.66,42.5,38.0117735862,729000,0.0000,1.0
2011-09-12,40.01,40.87,39.14,40.41,36.1424887204,617300,0.0000,1.0
2011-09-09,41.16,42.36,40.09,40.51,36.2319281877,1205300,0.0000,1.0
2011-09-08,42.05,42.88,41.52,41.64,37.2425941677,944400,0.0000,1.0
2011-09-07,41.52,42.96,41.29,42.62,38.1191009469,713400,0.0000,1.0
2011-09-06,39.76,41.02,39.37,40.61,36.3213676549,933300,0.0000,1.0
2011-09-02,42.04,42.89,41.23,41.45,37.0726591799,622400,0.0000,1.0
2011-09-01,43.93,44.61,42.89,43.09,38.539466443,341200,0.0000,1.0
2011-08-31,44.43,45.25,43.47,43.9,39.2639261278,286500,0.0000,1.0
2011-08-30,43.56,44.46,43.08,44.04,39.389141382,354500,0.0000,1.0
2011-08-29,42.38,44.03,41.88,43.93,39.290757968,448500,0.0000,1.0
2011-08-26,39.15,41.81,38.7,41.73,37.3230896882,563600,0.1250,1.0
2011-08-25,40.97,41.35,39.29,39.73,35.428177119,349000,0.0000,1.0
2011-08-24,40.0,40.75,39.08,40.57,36.177224911,570300,0.0000,1.0
2011-08-23,38.24,40.07,37.89,40.07,35.73136313,670900,0.0000,1.0
2011-08-22,40.42,40.42,38.05,38.21,34.0727573047,773400,0.0000,1.0
2011-08-19,36.51,41.13,36.12,39.31,35.0536532229,1680000,0.0000,1.0
2011-08-18,42.26,43.68,40.87,41.29,36.8192658757,505500,0.0000,1.0
2011-08-17,44.85,45.21,43.47,43.9,39.1466643726,464600,0.0000,1.0
2011-08-16,44.73,45.34,44.151,44.52,39.699532981,835200,0.0000,1.0
2011-08-15,44.65,45.32,44.35,45.3,40.3950773594,440400,0.0000,1.0
2011-08-12,43.42,44.86,42.9,44.06,39.2893401425,635800,0.0000,1.0
2011-08-11,40.15,43.6599,39.94,43.0,38.3441131668,804800,0.0000,1.0
2011-08-10,40.38,41.48,39.8,39.89,35.5708528889,577300,0.0000,1.0
2011-08-09,39.38,41.8,38.1,41.76,37.2383759498,1123800,0.0000,1.0
2011-08-08,41.45,42.39,38.41,38.5,34.3313571377,769600,0.0000,1.0
2011-08-05,45.26,45.26,42.03,43.13,38.4600372298,779000,0.0000,1.0
2011-08-04,47.16,47.16,44.39,44.42,39.6103606248,975000,0.0000,1.0
2011-08-03,48.66,48.66,46.75,47.91,42.7224758563,608200,0.0000,1.0
2011-08-02,50.0,50.78,48.38,48.48,43.2307582866,575700,0.0000,1.0
2011-08-01,51.72,51.79,49.79,50.5,45.0320398819,516500,0.0000,1.0
2011-07-29,50.5,51.47,49.85,51.03,45.5046533698,477600,0.0000,1.0
2011-07-28,52.75,53.5,51.15,51.28,45.7275842603,557600,0.0000,1.0
2011-07-27,54.86,54.98,52.46,52.6,46.9046593621,387900,0.0000,1.0
2011-07-26,56.35,56.93,55.08,55.25,49.2677268015,280300,0.0000,1.0
2011-07-25,55.31,56.78,55.19,56.48,50.3645467827,458500,0.0000,1.0
2011-07-22,55.71,56.36,55.11,55.95,49.8919332949,239700,0.0000,1.0
2011-07-21,55.61,56.49,54.76,55.77,49.7314230537,322800,0.0000,1.0
2011-07-20,55.27,56.25,54.08,55.26,49.2766440371,299500,0.0000,1.0
2011-07-19,54.04,55.34,53.82,55.21,49.232057859,433000,0.0000,1.0
2011-07-18,54.68,54.75,53.21,53.67,47.8588035735,471100,0.0000,1.0
2011-07-15,55.39,55.49,54.23,54.82,48.8842856698,573100,0.0000,1.0
2011-07-14,56.17,56.85,54.97,55.09,49.1250510315,279300,0.0000,1.0
2011-07-13,55.89,57.01,55.51,55.85,49.8027609387,346300,0.0000,1.0
2011-07-12,56.83,57.06,55.74,55.86,49.8116781743,351500,0.0000,1.0
2011-07-11,57.92,58.14,56.5501,56.81,50.6588155582,266400,0.0000,1.0
2011-07-08,58.22,58.91,57.9108,58.65,52.2995869123,499300,0.0000,1.0
2011-07-07,57.93,59.07,57.44,59.01,52.6206073947,827900,0.0000,1.0
2011-07-06,56.08,57.52,55.81,57.52,51.2919392872,453000,0.0000,1.0
2011-07-05,56.01,56.4201,55.76,56.09,50.0167745936,348800,0.0000,1.0
2011-07-01,55.05,56.33,54.95,56.12,50.0435263004,355100,0.0000,1.0
2011-06-30,54.21,55.39,53.94,54.85,48.9110373767,315200,0.0000,1.0
2011-06-29,53.82,54.345,53.02,54.01,48.1619895846,381000,0.0000,1.0
2011-06-28,51.92,53.61,51.63,53.4,47.6180382117,642000,0.0000,1.0
2011-06-27,51.68,52.37,51.14,51.61,46.0218530357,656200,0.0000,1.0
2011-06-24,51.99,52.25,50.74,51.34,45.781087674,8337900,0.0000,1.0
2011-06-23,50.72,52.0,49.56,51.84,46.226949455,590400,0.0000,1.0
2011-06-22,51.65,52.47,51.34,51.49,45.9148462083,512500,0.0000,1.0
2011-06-21,51.0,52.09,50.63,51.87,46.2537011618,554100,0.0000,1.0
2011-06-20,50.28,50.9999,50.06,50.46,44.9963709394,585900,0.0000,1.0
2011-06-17,50.83,51.6369,50.31,50.52,45.0498743531,559800,0.0000,1.0
2011-06-16,50.53,51.24,49.76,50.38,44.9250330544,362900,0.0000,1.0
2011-06-15,50.64,51.5,50.24,50.6,45.1212122381,650300,0.0000,1.0
2011-06-14,49.77,51.62,49.76,51.42,45.8524255589,828100,0.0000,1.0
2011-06-13,49.26,49.65,48.76,48.99,43.6855373032,479400,0.0000,1.0
2011-06-10,49.99,50.41,48.96,48.98,43.6766200676,439700,0.0000,1.0
2011-06-09,50.81,51.18,50.43,50.43,44.9696192325,385300,0.0000,1.0
2011-06-08,50.47,50.96,50.31,50.63,45.1479639449,443200,0.0000,1.0
2011-06-07,51.09,51.32,50.31,50.79,45.2906397149,367000,0.0000,1.0
2011-06-06,50.52,51.16,50.286,50.54,45.0677088244,475000,0.0000,1.0
2011-06-03,50.09,51.45,49.71,50.9,45.3887293067,460000,0.0000,1.0
2011-06-02,50.61,51.3192,49.66,51.11,45.5759912547,345400,0.0000,1.0
2011-06-01,51.97,52.71,50.47,50.66,45.1747156518,572300,0.0000,1.0
2011-05-31,51.29,52.04,50.46,52.02,46.3874596961,767000,0.0000,1.0
2011-05-27,50.55,51.03,50.15,50.42,44.9607019969,308000,0.1050,1.0
2011-05-26,49.5,50.42,49.3,50.3,44.7604811568,365500,0.0000,1.0
2011-05-25,49.13,50.14,48.63,49.73,44.2532550283,482700,0.0000,1.0
2011-05-24,50.36,50.51,49.4,49.42,43.9773952041,406500,0.0000,1.0
2011-05-23,50.0,50.8,49.25,50.26,44.7248863407,542200,0.0000,1.0
2011-05-20,50.96,52.94,50.56,50.66,45.080834501,1522700,0.0000,1.0
2011-05-19,52.8,54.65,52.8,54.41,48.4178485038,923200,0.0000,1.0
2011-05-18,51.05,52.35,50.61,52.27,46.5135258462,399500,0.0000,1.0
2011-05-17,50.54,51.12,50.13,50.81,45.2143150611,320800,0.0000,1.0
2011-05-16,51.38,52.25,50.97,51.01,45.3922891413,256700,0.0000,1.0
2011-05-13,52.56,52.83,51.33,51.88,46.1664763899,387100,0.0000,1.0
2011-05-12,51.4,52.72,50.78,52.26,46.5046271422,225300,0.0000,1.0
2011-05-11,53.21,53.24,51.63,51.74,46.0418945338,305900,0.0000,1.0
2011-05-10,53.61,53.96,52.99,53.35,47.474585879,159300,0.0000,1.0
2011-05-09,52.26,53.78,51.81,53.17,47.3144092069,249000,0.0000,1.0
2011-05-06,53.29,53.74,51.87,52.18,46.4334375101,242000,0.0000,1.0
2011-05-05,52.16,53.45,51.56,52.53,46.7448921504,282500,0.0000,1.0
2011-05-04,54.42,54.6,52.02,52.81,46.9940558626,400100,0.0000,1.0
2011-05-03,55.45,56.44,53.84,54.37,48.3822536877,392100,0.0000,1.0
2011-05-02,57.36,58.01,55.41,55.43,49.3255163125,315200,0.0000,1.0
2011-04-29,55.97,57.61,55.97,56.97,50.6959167296,335000,0.0000,1.0
2011-04-28,55.68,56.04,55.37,55.74,49.6013761367,249000,0.0000,1.0
2011-04-27,55.24,55.8,54.57,55.68,49.5479839127,426600,0.0000,1.0
2011-04-26,54.85,55.91,54.77,55.32,49.2276305684,364400,0.0000,1.0
2011-04-25,54.89,55.15,54.07,54.58,48.5691264719,230900,0.0000,1.0
2011-04-21,55.83,56.21,54.87,55.17,49.0941500083,255600,0.0000,1.0
2011-04-20,55.19,55.33,54.36,55.22,49.1386435284,227400,0.0000,1.0
2011-04-19,53.88,54.5956,53.25,54.1,48.1419886795,310800,0.0000,1.0
2011-04-18,54.93,54.93,53.14,53.65,47.7415469992,335600,0.0000,1.0
2011-04-15,55.1,56.26,54.75,55.6,49.4767942806,336800,0.0000,1.0
2011-04-14,55.12,55.43,54.58,55.39,49.2899214965,221000,0.0000,1.0
2011-04-13,56.11,56.12,54.25,55.4,49.2988202005,244950,0.0000,2.0
2011-04-12,113.0,113.68,111.04,111.11,49.4367501126,124700,0.0000,1.0
2011-04-11,114.23,115.1,113.6,113.86,50.6603219136,112900,0.0000,1.0
2011-04-08,116.49,117.39,112.82,114.1,50.7671063617,142600,0.0000,1.0
2011-04-07,117.82,118.83,114.8,115.07,51.198693506,207100,0.0000,1.0
2011-04-06,117.56,118.1,116.31,117.49,52.2754366909,148800,0.0000,1.0
2011-04-05,115.6,117.31,115.245,116.39,51.7860079705,142300,0.0000,1.0
2011-04-04,116.01,116.01,114.66,115.67,51.4656546263,136700,0.0000,1.0
2011-04-01,116.1,116.99,114.0101,115.18,51.2476363781,173000,0.0000,1.0
2011-03-31,114.74,115.24,113.96,115.06,51.194244154,114800,0.0000,1.0
2011-03-30,115.06,115.78,113.58,114.87,51.109706466,83400,0.0000,1.0
2011-03-29,112.32,115.0,111.01,114.22,50.8204985857,169700,0.0000,1.0
2011-03-28,115.69,115.7,111.61,112.31,49.970672353,171400,0.0000,1.0
2011-03-25,110.5,113.64,110.0,112.45,50.0329632811,225600,0.0000,1.0
2011-03-24,108.97,110.35,107.87,109.8,48.8538850001,115700,0.0000,1.0
2011-03-23,107.49,108.805,105.7,108.33,48.1998302556,118100,0.0000,1.0
2011-03-22,109.56,109.96,107.32,107.87,47.9951600634,78500,0.0000,1.0
2011-03-21,106.85,109.79,104.81,109.07,48.5290823039,154300,0.0000,1.0
2011-03-18,105.82,106.8,104.86,105.51,46.9451129906,244000,0.0000,1.0
2011-03-17,105.25,105.96,103.79,104.79,46.6247596463,213700,0.0000,1.0
2011-03-16,105.0,106.26,103.08,103.57,46.0819387018,224800,0.0000,1.0
2011-03-15,102.88,108.94,100.32,105.18,46.7982843744,182700,0.0000,1.0
2011-03-14,104.86,106.91,104.05,106.42,47.3500040229,161900,0.0000,1.0
2011-03-11,104.6,106.8,103.43,105.98,47.1542325347,157500,0.0000,1.0
2011-03-10,108.56,109.34,104.48,104.88,46.6648038143,258600,0.0000,1.0
2011-03-09,111.68,112.5,109.58,110.02,48.9517707442,121000,0.0000,1.0
2011-03-08,110.18,113.31,109.05,111.67,49.6859138248,163600,0.0000,1.0
2011-03-07,111.0,111.0,108.67,109.82,48.8627837041,211000,0.0000,1.0
2011-03-04,110.7,111.79,109.325,110.41,49.1252954723,172400,0.0000,1.0
2011-03-03,108.19,111.0,108.15,110.39,49.1163967683,261700,0.0000,1.0
2011-03-02,106.64,109.4,106.58,107.49,47.8260846873,237000,0.0000,1.0
2011-03-01,109.45,110.0,106.151,106.56,47.4122949509,235700,0.0000,1.0
2011-02-28,110.59,111.97,108.08,108.91,48.4578926718,243700,0.0000,1.0
2011-02-25,109.78,111.05,108.74,109.84,48.8716824081,256800,0.2100,1.0
2011-02-24,108.15,111.99,107.75,109.82,48.7695425903,403100,0.0000,1.0
2011-02-23,110.1,113.79,105.65,108.46,48.1655854065,1098400,0.0000,1.0
2011-02-22,98.96,100.2,96.21,96.5,42.8543148786,156600,0.0000,1.0
2011-02-18,100.0,100.25,99.09,100.07,44.439702486,258300,0.0000,1.0
2011-02-17,98.24,99.8,98.01,99.37,44.1288421708,167700,0.0000,1.0
2011-02-16,98.39,98.75,97.72,98.51,43.7469280693,136900,0.0000,1.0
2011-02-15,97.64,98.5,97.4491,97.9,43.4760355089,143000,0.0000,1.0
2011-02-14,97.86,98.62,97.16,97.94,43.4937989555,206400,0.0000,1.0
2011-02-11,96.5,98.2,96.5,98.0425,43.5393177874,146600,0.0000,1.0
2011-02-10,95.65,97.46,95.35,96.81,42.9919815896,188300,0.0000,1.0
2011-02-09,96.56,96.97,95.3,96.16,42.7033255826,86600,0.0000,1.0
2011-02-08,97.37,97.87,96.8,97.175,43.1540730396,117500,0.0000,1.0
2011-02-07,96.08,97.96,96.08,97.38,43.2451107034,187500,0.0000,1.0
2011-02-04,95.97,96.71,95.28,96.06,42.6589169662,144600,0.0000,1.0
2011-02-03,95.68,96.31,94.58,95.93,42.6011857648,100900,0.0000,1.0
2011-02-02,94.72,96.7,94.72,95.7,42.4990459469,175200,0.0000,1.0
2011-02-01,93.02,95.42,92.11,95.12,42.2414759715,221100,0.0000,1.0
2011-01-31,92.47,93.74,91.36,92.31,40.9935938491,130600,0.0000,1.0
2011-01-28,93.17,94.0,91.24,92.07,40.8870131696,212800,0.0000,1.0
2011-01-27,93.68,94.19,92.55,93.41,41.4820886301,132900,0.0000,1.0
2011-01-26,91.72,93.69,91.07,93.5,41.5220563849,159200,0.0000,1.0
2011-01-25,90.69,91.17,89.4816,91.17,40.4873356215,142800,0.0000,1.0
2011-01-24,89.61,91.883,89.51,91.4,40.5894754394,118400,0.0000,1.0
2011-01-21,90.89,91.25,89.37,89.46,39.7279482802,238800,0.0000,1.0
2011-01-20,90.58,91.65,89.24,90.24,40.0743354885,146100,0.0000,1.0
2011-01-19,93.4,93.4,90.76,91.3,40.5450668229,189900,0.0000,1.0
2011-01-18,93.08,93.63,92.09,93.58,41.5575832781,345300,0.0000,1.0
2011-01-14,93.61,94.27,92.8,93.55,41.5442606931,170200,0.0000,1.0
2011-01-13,93.84,94.715,93.1,93.83,41.6686048192,91100,0.0000,1.0
2011-01-12,95.0,95.0,93.63,94.1,41.7885080836,130800,0.0000,1.0
2011-01-11,93.78,94.36,93.11,93.86,41.6819274042,151500,0.0000,1.0
2011-01-10,90.89,93.7,90.09,93.54,41.5398198315,212800,0.0000,1.0
2011-01-07,92.6,93.38,89.85,91.62,40.6871743956,112500,0.0000,1.0
2011-01-06,93.56,93.83,91.53,92.17,40.9314217861,113000,0.0000,1.0
2011-01-05,93.0,94.13,92.19,93.68,41.6019918945,124800,0.0000,1.0
2011-01-04,95.82,95.82,92.25,93.3,41.433239152,177800,0.0000,1.0
2011-01-03,93.09,95.62,93.09,95.16,42.2592394181,323200,0.0000,1.0
2010-12-31,92.67,93.3,91.88,91.88,40.8026367984,123900,0.0000,1.0
2010-12-30,92.89,94.0,92.27,92.78,41.2023143464,72800,0.0000,1.0
2010-12-29,93.75,93.75,92.77,93.14,41.3621853657,51900,0.0000,1.0
2010-12-28,94.11,94.61,92.49,93.45,41.4998520767,143300,0.0000,1.0
2010-12-27,93.35,94.46,93.03,94.11,41.7929489453,50400,0.0000,1.0
2010-12-23,94.0,94.62,93.14,93.55,41.5442606931,105800,0.0000,1.0
2010-12-22,94.15,94.52,93.77,94.11,41.7929489453,212500,0.0000,1.0
2010-12-21,92.98,94.27,92.4601,94.21,41.8373575617,193500,0.0000,1.0
2010-12-20,91.39,92.99,91.09,92.46,41.0602067738,271100,0.0000,1.0
2010-12-17,90.0,92.12,89.48,91.22,40.5095399298,668900,0.2100,1.0
2010-12-16,90.5,91.0,89.2501,90.6,40.1417950086,656500,0.0000,1.0
2010-12-15,87.5,88.7899,87.16,87.17,38.6220780452,263500,0.0000,1.0
2010-12-14,87.85,88.11,87.3,87.63,38.8258884835,242100,0.0000,1.0
2010-12-13,88.31,88.65,87.26,87.47,38.7549978963,162300,0.0000,1.0
2010-12-10,85.85,88.16,85.74,88.02,38.9986842898,117300,0.0000,1.0
2010-12-09,87.33,87.85,85.63,85.77,38.0017854071,251000,0.0000,1.0
2010-12-08,86.47,87.54,86.26,86.45,38.3030704028,131900,0.0000,1.0
2010-12-07,87.74,89.18,86.23,86.63,38.3828223134,271600,0.0000,1.0
2010-12-06,84.79,87.09,84.68,86.95,38.5246034878,172400,0.0000,1.0
2010-12-03,83.91,85.96,83.91,85.65,37.9486174667,123100,0.0000,1.0
2010-12-02,82.19,84.45,81.78,84.35,37.3726314456,120700,0.0000,1.0
2010-12-01,81.04,82.62,79.89,82.24,36.4377618268,123800,0.0000,1.0
2010-11-30,79.29,80.46,78.21,79.43,35.1927458889,350100,0.0000,1.0
2010-11-29,80.0,80.52,78.34,80.3,35.5782134568,68700,0.0000,1.0
2010-11-26,79.88,81.32,79.88,80.65,35.7332866164,28400,0.0000,1.0
2010-11-24,79.62,80.85,79.21,80.85,35.8218998504,125200,0.0000,1.0
2010-11-23,78.56,79.19,76.69,78.84,34.9313368485,161300,0.0000,1.0
2010-11-22,78.46,79.91,77.8,79.65,35.2902204463,138500,0.0000,1.0
2010-11-19,78.43,79.84,77.6,79.01,35.0066580975,140700,0.0000,1.0
2010-11-18,77.81,79.04,77.81,78.5,34.7806943507,141900,0.0000,1.0
2010-11-17,76.42,76.95,75.55,76.83,34.0407738467,179700,0.0000,1.0
2010-11-16,77.07,77.47,75.45,76.12,33.7261968659,164800,0.0000,1.0
2010-11-15,77.8,79.495,77.6225,78.13,34.6167598678,168900,0.0000,1.0
2010-11-12,79.76,80.24,77.58,77.61,34.3863654594,431900,0.0000,1.0
2010-11-11,82.21,83.48,81.28,81.94,36.3048419758,112500,0.0000,1.0
2010-11-10,82.5,83.2,81.645,83.01,36.7789227777,197400,0.0000,1.0
2010-11-09,81.95,82.48,81.48,82.25,36.4421924885,185700,0.0000,1.0
2010-11-08,81.72,82.35,81.17,81.99,36.3269952843,92100,0.0000,1.0
2010-11-05,82.0,82.25,81.48,82.25,36.4421924885,110200,0.0000,1.0
2010-11-04,80.25,82.16,79.77,82.08,36.3668712396,181100,0.0000,1.0
2010-11-03,78.4,79.77,78.02,79.3,35.1351472868,159400,0.0000,1.0
2010-11-02,78.88,80.22,78.88,80.12,35.4984615462,162400,0.0000,1.0
2010-11-01,78.02,79.81,77.51,78.29,34.687650455,99500,0.0000,1.0
2010-10-29,77.92,78.58,77.86,78.02,34.5680225891,85100,0.0000,1.0
2010-10-28,78.98,79.37,77.66,78.28,34.6832197933,103100,0.0000,1.0
2010-10-27,79.05,79.2,77.93,78.51,34.7851250124,177000,0.0000,1.0
2010-10-26,79.47,80.08,78.91,79.4,35.1794539038,108700,0.0000,1.0
2010-10-25,78.95,80.17,78.69,79.76,35.338957725,157300,0.0000,1.0
2010-10-22,78.18,78.52,78.071,78.37,34.7230957486,83000,0.0000,1.0
2010-10-21,78.17,78.83,77.02,77.99,34.554730604,135600,0.0000,1.0
2010-10-20,76.34,78.63,76.34,77.66,34.4085187679,146100,0.0000,1.0
2010-10-19,75.83,77.29,74.72,75.79,33.5799850298,196200,0.0000,1.0
2010-10-18,76.25,77.26,75.88,77.25,34.2268616381,144800,0.0000,1.0
2010-10-15,76.64,76.72,75.05,76.0,33.6730289255,217300,0.0000,1.0
2010-10-14,75.26,76.3,74.79,75.64,33.5135251043,224500,0.0000,1.0
2010-10-13,75.04,75.62,74.46,75.27,33.3495906214,270400,0.0000,1.0
2010-10-12,74.4,74.86,73.15,74.46,32.9907070236,63400,0.0000,1.0
2010-10-11,75.26,75.5,74.38,74.8,33.1413495214,86100,0.0000,1.0
2010-10-08,74.97,75.74,73.36,75.28,33.3540212831,273700,0.0000,1.0
2010-10-07,75.33,75.41,74.19,74.93,33.1989481236,76200,0.0000,1.0
2010-10-06,74.51,74.9,74.19,74.61,33.0571669491,155800,0.0000,1.0
2010-10-05,72.71,75.23,71.81,74.96,33.2122401087,196100,0.0000,1.0
2010-10-04,73.49,73.89,71.17,71.69,31.7634137325,135200,0.0000,1.0
2010-10-01,74.66,74.66,72.47,73.78,32.689422028,166600,0.0000,1.0
2010-09-30,73.9,75.335,73.5,73.69,32.6495460727,215300,0.0000,1.0
2010-09-29,72.72,73.97,72.49,73.15,32.4102903408,120200,0.0000,1.0
2010-09-28,71.96,73.23,70.42,73.15,32.4102903408,165100,0.0000,1.0
2010-09-27,72.01,72.13,70.71,71.45,31.6570778517,172100,0.0000,1.0
2010-09-24,70.45,72.24,70.19,72.07,31.9317788771,191600,0.0000,1.0
2010-09-23,70.8,71.85,69.3,69.42,30.7576535265,301200,0.0000,1.0
2010-09-22,72.01,73.35,71.13,71.65,31.7456910857,109600,0.0000,1.0
2010-09-21,72.77,73.52,72.42,72.5,32.1222973303,196700,0.0000,1.0
2010-09-20,70.57,72.87,70.14,72.8,32.2552171813,255800,0.0000,1.0
2010-09-17,70.78,70.805,69.19,70.45,31.2140116816,283400,0.0000,1.0
2010-09-16,69.69,70.81,69.6448,69.91,30.9747559498,136200,0.0000,1.0
2010-09-15,69.72,70.53,69.07,69.96,30.9969092583,144800,0.0000,1.0
2010-09-14,69.87,70.41,69.42,69.99,31.0102012434,171100,0.0000,1.0
2010-09-13,69.09,70.28,68.07,69.97,31.00133992,250000,0.0000,1.0
2010-09-10,68.4,68.74,67.93,68.22,30.2259741224,157600,0.0000,1.0
2010-09-09,68.9,69.1,67.64,68.12,30.1816675054,158000,0.0000,1.0
2010-09-08,68.29,68.91,67.93,68.18,30.2082514756,154600,0.0000,1.0
2010-09-07,69.93,69.93,67.79,68.0,30.128499565,148700,0.0000,1.0
2010-09-03,69.05,69.82,68.78,69.32,30.7133469094,192400,0.0000,1.0
2010-09-02,66.67,68.18,66.12,68.09,30.1683755203,170200,0.0000,1.0
2010-09-01,65.99,67.3,65.13,66.65,29.5303602354,197400,0.0000,1.0
2010-08-31,63.01,64.9,62.78,64.17,28.4315561336,173000,0.0000,1.0
2010-08-30,65.24,65.49,63.26,63.27,28.0327965805,149700,0.0000,1.0
2010-08-27,64.61,65.97,63.53,65.75,29.1316006823,152600,0.2100,1.0
2010-08-26,64.59,65.6,63.41,63.92,28.2306233416,157700,0.0000,1.0
2010-08-25,63.0,64.65,62.45,64.41,28.4470345656,183700,0.0000,1.0
2010-08-24,63.02,64.32,61.76,63.58,28.0804604515,299300,0.0000,1.0
2010-08-23,65.52,65.8025,63.75,63.78,28.1687915633,176600,0.0000,1.0
2010-08-20,67.93,68.01,64.1,64.96,28.6899451231,310800,0.0000,1.0
2010-08-19,65.59,66.75,64.3,64.59,28.5265325662,224300,0.0000,1.0
2010-08-18,65.93,67.55,64.99,66.22,29.2464311277,150300,0.0000,1.0
2010-08-17,65.24,67.17,65.02,66.39,29.3215125727,123400,0.0000,1.0
2010-08-16,63.03,65.02,62.74,64.47,28.4735338991,109300,0.0000,1.0
2010-08-13,64.1,65.0,63.4,63.91,28.226206786,190600,0.0000,1.0
2010-08-12,63.2,64.67,62.54,64.17,28.3410372314,147200,0.0000,1.0
2010-08-11,66.16,66.64,64.02,64.38,28.4337848988,241100,0.0000,1.0
2010-08-10,67.5,68.75,67.27,67.85,29.9663296891,166100,0.0000,1.0
2010-08-09,68.42,69.2,68.08,68.45,30.2313230246,150200,0.0000,1.0
2010-08-06,66.79,68.36,66.29,68.23,30.1341588016,222900,0.0000,1.0
2010-08-05,66.79,67.97,66.551,67.79,29.9398303556,268200,0.0000,1.0
2010-08-04,65.94,67.41,65.87,67.32,29.7322522427,162300,0.0000,1.0
2010-08-03,66.23,67.2876,65.51,65.78,29.0521026816,146300,0.0000,1.0
2010-08-02,65.13,66.92,65.13,66.65,29.4363430181,367800,0.0000,1.0
2010-07-30,61.75,63.33,61.36,63.05,27.8463830051,144100,0.0000,1.0
2010-07-29,63.07,63.53,61.78,62.76,27.718302893,107400,0.0000,1.0
2010-07-28,63.38,64.15,62.39,62.63,27.6608876703,115600,0.0000,1.0
2010-07-27,64.45,65.03,63.37,63.66,28.1157928962,234900,0.0000,1.0
2010-07-26,62.82,64.0,62.3,63.94,28.2394564528,172400,0.0000,1.0
2010-07-23,60.68,62.8,60.68,62.4,27.5593068917,181200,0.0000,1.0
2010-07-22,60.48,61.9,59.08,61.12,26.9939877759,206900,0.0000,1.0
2010-07-21,60.0,60.56,59.14,59.51,26.2829223257,191900,0.0000,1.0
2010-07-20,57.36,59.64,57.22,59.51,26.2829223257,181000,0.0000,1.0
2010-07-19,57.71,58.32,57.06,58.27,25.7352694323,154100,0.0000,1.0
2010-07-16,59.01,59.43,57.38,57.57,25.4261105409,361300,0.0000,1.0
2010-07-15,59.65,60.01,58.51,59.48,26.2696726589,276100,0.0000,1.0
2010-07-14,58.62,59.57,57.99,59.45,26.2564229921,279100,0.0000,1.0
2010-07-13,57.53,59.29,57.12,59.05,26.0797607685,204800,0.0000,1.0
2010-07-12,57.71,58.13,56.12,56.77,25.0727860936,139500,0.0000,1.0
2010-07-09,57.75,58.47,57.26,58.15,25.6822707652,124700,0.0000,1.0
2010-07-08,57.57,57.99,56.44,57.89,25.5674403199,231900,0.0000,1.0
2010-07-07,55.13,57.04,54.985,56.98,25.165533761,264800,0.0000,1.0
2010-07-06,55.93,56.475,54.48,54.83,24.2159743088,345100,0.0000,1.0
2010-07-02,55.13,55.49,54.36,54.81,24.2071411976,177300,0.0000,1.0
2010-07-01,56.07,56.476,53.95,54.77,24.1894749753,303900,0.0000,1.0
2010-06-30,56.74,57.82,55.95,56.08,24.7680437578,313500,0.0000,1.0
2010-06-29,58.02,58.4099,56.24,56.73,25.0551198712,337900,0.0000,1.0
2010-06-28,58.01,60.08,57.98,59.1,26.1018435464,271600,0.0000,1.0
2010-06-25,57.5,59.35,56.26,57.94,25.5895230978,1325300,0.0000,1.0
2010-06-24,60.39,60.86,56.88,57.25,25.284780762,486300,0.0000,1.0
2010-06-23,61.23,62.115,60.06,61.09,26.9807381092,143700,0.0000,1.0
2010-06-22,63.04,64.22,60.98,61.15,27.0072374427,166600,0.0000,1.0
2010-06-21,64.14,64.39,62.11,62.71,27.696220115,215000,0.0000,1.0
2010-06-18,63.16,64.0,60.01,63.04,27.8419664495,253800,0.0000,1.0
2010-06-17,63.82,63.82,61.91,62.91,27.7845512268,154500,0.0000,1.0
2010-06-16,63.08,64.32,62.82,63.25,27.934714117,134400,0.0000,1.0
2010-06-15,62.17,63.95,61.4,63.83,28.1908743413,193900,0.0000,1.0
2010-06-14,62.78,63.5,61.7,61.98,27.3738115568,157000,0.0000,1.0
2010-06-11,60.71,62.38,60.71,62.18,27.4621426687,278700,0.0000,1.0
2010-06-10,61.09,62.55,61.0,61.75,27.2722307782,349800,0.0000,1.0
2010-06-09,60.91,61.86,59.52,59.88,26.4463348826,266700,0.0000,1.0
2010-06-08,60.7,61.58,59.12,60.56,26.7466606628,368900,0.0000,1.0
2010-06-07,63.04,63.27,60.39,60.53,26.733410996,345000,0.0000,1.0
2010-06-04,64.51,66.16,62.74,62.98,27.815467116,285200,0.0000,1.0
2010-06-03,66.13,66.82,65.14,66.46,29.3524284619,213100,0.0000,1.0
2010-06-02,65.06,66.34,63.84,66.18,29.2287649053,180600,0.0000,1.0
2010-06-01,66.31,67.31,64.2,64.2,28.3542868982,214900,0.0000,1.0
2010-05-28,67.48,68.16,65.96,66.63,29.4275099069,264400,0.0000,1.0
2010-05-27,66.2,67.92,65.51,67.86,29.9707462447,242100,0.1900,1.0
2010-05-26,66.18,67.77,64.41,64.88,28.574607147,337600,0.0000,1.0
2010-05-25,65.04,65.83,63.15,65.54,28.8652859497,388100,0.0000,1.0
2010-05-24,67.49,67.755,65.901,66.2,29.1559647524,368900,0.0000,1.0
2010-05-21,64.9,68.25,64.03,68.1,29.9927673661,872800,0.0000,1.0
2010-05-20,65.3,66.45,62.38,62.83,27.6717411691,246300,0.0000,1.0
2010-05-19,68.38,68.815,65.9,66.69,29.3717717422,187100,0.0000,1.0
2010-05-18,70.72,71.6,68.12,68.52,30.177744786,145200,0.0000,1.0
2010-05-17,71.48,72.4,67.84,69.75,30.7194643728,124500,0.0000,1.0
2010-05-14,71.88,71.88,69.72,70.91,31.2303543896,139400,0.0000,1.0
2010-05-13,73.33,73.66,72.16,72.49,31.9262218263,167700,0.0000,1.0
2010-05-12,70.92,74.44,70.92,73.73,32.4723456373,206700,0.0000,1.0
2010-05-11,69.61,71.79,69.155,70.51,31.0541854183,113800,0.0000,1.0
2010-05-10,69.32,70.5777,67.21,70.32,30.9705051569,231500,0.0000,1.0
2010-05-07,67.66,68.3425,65.0,65.94,29.041454921,377400,0.0000,1.0
2010-05-06,70.15,71.34,64.73,67.93,29.9178955533,257900,0.0000,1.0
2010-05-05,70.84,71.32,69.19,70.5,31.049781194,243200,0.0000,1.0
2010-05-04,72.37,73.22,70.83,71.29,31.3977149123,290900,0.0000,1.0
2010-05-03,72.38,74.26,72.16,73.74,32.4767498616,284800,0.0000,1.0
2010-04-30,74.71,74.91,71.8,71.82,31.6311387993,266400,0.0000,1.0
2010-04-29,73.95,74.89,73.51,74.76,32.9259807385,194300,0.0000,1.0
2010-04-28,74.75,75.035,73.45,73.56,32.3974738245,130900,0.0000,1.0
2010-04-27,75.64,76.56,73.77,74.13,32.6485146087,196900,0.0000,1.0
2010-04-26,75.57,77.4,75.2105,75.91,33.432466531,134300,0.0000,1.0
2010-04-23,75.41,76.0,75.1,75.84,33.401636961,192500,0.0000,1.0
2010-04-22,72.4,75.94,71.86,75.58,33.2871271297,297600,0.0000,1.0
2010-04-21,71.75,73.23,71.75,73.01,32.155241489,150800,0.0000,1.0
2010-04-20,71.69,72.77,71.48,71.96,31.6927979393,174900,0.0000,1.0
2010-04-19,71.92,72.63,70.21,71.52,31.4990120708,139200,0.0000,1.0
2010-04-16,72.94,73.74,71.61,72.48,31.921817602,168000,0.0000,1.0
2010-04-15,72.2,73.49,72.2,72.96,32.1332203676,131700,0.0000,1.0
2010-04-14,71.2,72.79,70.74,72.79,32.0583485548,235800,0.0000,1.0
2010-04-13,71.0,71.31,70.1759,70.94,31.2435670624,147900,0.0000,1.0
2010-04-12,71.24,71.42,70.73,71.13,31.3272473238,253000,0.0000,1.0
2010-04-09,70.71,71.15,69.55,70.97,31.2567797353,109700,0.0000,1.0
2010-04-08,70.66,71.28,69.94,70.51,31.0541854183,160200,0.0000,1.0
2010-04-07,70.09,71.72,69.91,71.09,31.3096304267,289900,0.0000,1.0
2010-04-06,69.23,70.6,68.77,70.51,31.0541854183,127100,0.0000,1.0
2010-04-05,68.86,70.09,68.57,69.93,30.7987404099,97000,0.0000,1.0
2010-04-01,68.24,69.33,67.5,68.85,30.3230841873,200700,0.0000,1.0
2010-03-31,68.9,69.96,67.75,67.92,29.913491329,286200,0.0000,1.0
2010-03-30,69.47,70.15,68.64,69.46,30.5917418686,105600,0.0000,1.0
2010-03-29,68.88,69.75,68.21,69.24,30.4948489344,179000,0.0000,1.0
2010-03-26,69.38,69.87,68.2,68.78,30.2922546173,167300,0.0000,1.0
2010-03-25,69.096,70.68,68.39,69.01,30.3935517758,259900,0.0000,1.0
2010-03-24,69.92,70.4,68.47,68.62,30.2217870288,366300,0.0000,1.0
2010-03-23,68.8,70.76,68.67,70.59,31.0894192125,221500,0.0000,1.0
2010-03-22,67.07,69.4,66.04,68.93,30.3583179816,196300,0.0000,1.0
2010-03-19,71.65,71.65,67.42,67.59,29.7681519277,426900,0.0000,1.0
2010-03-18,70.06,71.44,70.06,71.13,31.3272473238,254700,0.0000,1.0
2010-03-17,70.09,71.05,69.65,70.32,30.9705051569,150600,0.0000,1.0
2010-03-16,69.88,69.95,68.98,69.67,30.6842305785,143000,0.0000,1.0
2010-03-15,69.65,70.18,69.07,69.52,30.6181672143,161800,0.0000,1.0
2010-03-12,70.0,70.38,69.27,70.0,30.8295699798,278900,0.0000,1.0
2010-03-11,69.44,70.0,68.89,70.0,30.8295699798,201400,0.0000,1.0
2010-03-10,68.62,70.13,68.62,70.11,30.878016447,291200,0.0000,1.0
2010-03-09,67.98,69.34,67.98,68.82,30.3098715145,247700,0.0000,1.0
2010-03-08,68.07,68.675,67.82,68.22,30.0456180575,157400,0.0000,1.0
2010-03-05,67.81,68.95,67.81,68.29,30.0764476275,173000,0.0000,1.0
2010-03-04,67.49,68.91,67.05,67.55,29.7505350306,145200,0.0000,1.0
2010-03-03,67.44,68.44,67.0701,67.3,29.6404294235,199300,0.0000,1.0
2010-03-02,67.01,67.89,66.05,67.09,29.5479407135,433900,0.0000,1.0
2010-03-01,66.26,67.4499,66.14,67.04,29.5259195921,279100,0.0000,1.0
2010-02-26,66.41,66.68,65.48,65.8,28.9797957811,236400,0.1900,1.0
2010-02-25,66.07,66.82,65.51,66.56,29.2301137625,217200,0.0000,1.0
2010-02-24,65.03,67.23,63.97,67.07,29.4540824827,385200,0.0000,1.0
2010-02-23,66.02,66.44,62.92,64.65,28.3913289475,766600,0.0000,1.0
2010-02-22,59.06,59.76,58.29,59.43,26.0989432227,187900,0.0000,1.0
2010-02-19,58.37,59.41,56.99,58.89,25.8617998719,177800,0.0000,1.0
2010-02-18,58.2,58.68,57.55,58.43,25.6597888693,236300,0.0000,1.0
2010-02-17,58.29,58.69,57.66,58.09,25.5104763892,98500,0.0000,1.0
2010-02-16,57.26,58.03,56.61,57.95,25.4489947797,136400,0.0000,1.0
2010-02-12,55.66,56.75,54.96,56.73,24.9132264685,154600,0.0000,1.0
2010-02-11,54.27,56.37,53.52,56.3,24.7243900966,134200,0.0000,1.0
2010-02-10,54.71,55.22,53.64,54.55,23.9558699781,113800,0.0000,1.0
2010-02-09,55.06,55.66,54.5,55.06,24.1798386984,147600,0.0000,1.0
2010-02-08,54.84,54.9,53.47,54.22,23.8109490415,107300,0.0000,1.0
2010-02-05,55.38,55.38,53.84,54.9,24.1095740018,246300,0.0000,1.0
2010-02-04,57.37,57.37,55.28,55.28,24.2764526561,243300,0.0000,1.0
2010-02-03,57.53,58.38,57.5,57.85,25.4050793444,207300,0.0000,1.0
2010-02-02,57.27,58.155,56.83,58.0,25.4709524974,170400,0.0000,1.0
2010-02-01,56.66,57.36,55.88,56.99,25.0274066004,139100,0.0000,1.0
2010-01-29,56.98,58.09,56.23,56.54,24.8297871414,242600,0.0000,1.0
2010-01-28,58.01,58.01,55.21,56.85,24.965924991,190900,0.0000,1.0
2010-01-27,57.33,58.21,56.51,58.0,25.4709524974,128600,0.0000,1.0
2010-01-26,58.34,59.29,57.25,57.88,25.418253975,135000,0.0000,1.0
2010-01-25,58.82,58.87,57.58,58.35,25.6246565211,161500,0.0000,1.0
2010-01-22,59.48,59.9,57.94,58.19,25.5543918245,138000,0.0000,1.0
2010-01-21,62.09,62.13,59.06,59.36,26.068202418,190100,0.0000,1.0
2010-01-20,61.94,62.1,61.084,61.85,27.161696758,218000,0.0000,1.0
2010-01-19,61.3,62.74,61.3,62.68,27.5261948713,208700,0.0000,1.0
2010-01-15,62.74,63.26,61.18,61.39,26.9596857554,140900,0.0000,1.0
2010-01-14,62.36,62.65,61.79,62.48,27.4383640006,148600,0.0000,1.0
2010-01-13,62.47,62.84,61.68,62.41,27.4076231959,108900,0.0000,1.0
2010-01-12,62.77,63.42,61.54,62.04,27.2451360851,134500,0.0000,1.0
2010-01-11,64.0,64.0,62.72,63.45,27.8643437234,78300,0.0000,1.0
2010-01-08,62.69,63.95,62.69,63.75,27.9960900294,133400,0.0000,1.0
2010-01-07,61.99,63.12,61.51,63.03,27.679898895,249700,0.0000,1.0
2010-01-06,63.0,63.07,62.04,62.28,27.3505331299,186400,0.0000,1.0
2010-01-05,63.03,63.43,62.27,62.98,27.6579411773,174100,0.0000,1.0
2010-01-04,61.96,64.95,61.88,63.06,27.6930735256,144400,0.0000,1.0
2009-12-31,62.36,62.96,61.16,61.18,26.8674633412,108000,0.0000,1.0
2009-12-30,62.95,63.165,61.85,62.55,27.4691048054,124100,0.0000,1.0
2009-12-29,63.79,63.79,62.91,63.12,27.7194227868,104500,0.0000,1.0
2009-12-28,64.27,64.83,63.31,63.87,28.0487885518,228700,0.0000,1.0
2009-12-24,64.06,64.06,63.17,63.74,27.9916984859,74500,0.0000,1.0
2009-12-23,62.47,64.47,62.47,63.69,27.9697407682,419200,0.0000,1.0
2009-12-22,60.35,62.49,60.35,62.33,27.3724908476,355500,0.0000,1.0
2009-12-21,56.08,60.51,55.77,60.33,26.4941821408,427500,0.0000,1.0
2009-12-18,55.08,56.29,54.5,56.17,24.6673000306,662700,0.1900,1.0
2009-12-17,54.49,55.0,53.0,54.18,23.7131709663,590900,0.0000,1.0
2009-12-16,57.47,57.998,57.26,57.84,25.3150573771,276400,0.0000,1.0
2009-12-15,55.89,57.93,54.66,56.97,24.9342810991,191900,0.0000,1.0
2009-12-14,55.66,56.49,54.991,56.43,24.6979372024,144700,0.0000,1.0
2009-12-11,55.21,55.63,54.32,55.32,24.2121191926,131800,0.0000,1.0
2009-12-10,55.12,55.61,54.54,54.86,24.0107892065,130800,0.0000,1.0
2009-12-09,54.72,54.98,53.5,54.56,23.8794870417,159000,0.0000,1.0
2009-12-08,55.27,55.78,54.382,54.96,24.0545565948,144800,0.0000,1.0
2009-12-07,55.8,56.35,55.49,56.0,24.5097374329,189600,0.0000,1.0
2009-12-04,55.77,57.2,54.65,56.0,24.5097374329,134600,0.0000,1.0
2009-12-03,55.34,55.85,54.43,54.52,23.8619800864,198600,0.0000,1.0
2009-12-02,54.8,58.41,54.75,55.12,24.1245844161,139000,0.0000,1.0
2009-12-01,54.23,55.52,54.19,54.71,23.9451381241,235500,0.0000,1.0
2009-11-30,53.89,54.27,52.34,53.61,23.4636968531,235500,0.0000,1.0
2009-11-27,53.94,54.99,53.65,54.03,23.6475198839,73600,0.0000,1.0
2009-11-25,55.52,55.9,54.93,55.34,24.2208726703,62600,0.0000,1.0
2009-11-24,55.89,56.0,54.84,55.33,24.2164959314,122100,0.0000,1.0
2009-11-23,55.96,57.42,55.77,56.06,24.5359978658,149200,0.0000,1.0
2009-11-20,55.42,55.81,54.71,54.84,24.0020357289,136500,0.0000,1.0
2009-11-19,56.96,57.04,55.57,55.91,24.4703467834,145500,0.0000,1.0
2009-11-18,58.3,58.3,56.91,57.54,25.1837552123,101500,0.0000,1.0
2009-11-17,57.98,58.32,57.8,58.18,25.4638664972,110600,0.0000,1.0
2009-11-16,56.85,59.08,56.85,58.47,25.5907919232,143000,0.0000,1.0
2009-11-13,56.0,56.71,54.59,56.3,24.6410395977,96700,0.0000,1.0
2009-11-12,56.28,57.08,55.37,55.57,24.3215376633,134400,0.0000,1.0
2009-11-11,57.19,57.37,55.67,56.27,24.6279093812,159000,0.0000,1.0
2009-11-10,56.23,57.25,55.78,56.43,24.6979372024,179500,0.0000,1.0
2009-11-09,55.48,56.81,54.6,56.67,24.8029789343,146600,0.0000,1.0
2009-11-06,54.52,55.84,53.58,54.89,24.023919423,96200,0.0000,1.0
2009-11-05,52.97,55.39,52.62,55.29,24.1989889761,169700,0.0000,1.0
2009-11-04,53.75,53.75,52.17,52.24,22.8640836338,170400,0.0000,1.0
2009-11-03,51.62,53.48,51.07,53.31,23.3323946883,243900,0.0000,1.0
2009-11-02,52.9,53.3,51.27,52.09,22.7984325514,286100,0.0000,1.0
2009-10-30,54.23,54.7701,52.02,52.77,23.0960507916,238300,0.0000,1.0
2009-10-29,53.98,55.05,52.79,54.8,23.9845287736,235200,0.0000,1.0
2009-10-28,55.2,55.32,53.19,53.36,23.3542783825,193600,0.0000,1.0
2009-10-27,56.12,57.05,54.8,55.21,24.1639750655,222100,0.0000,1.0
2009-10-26,57.31,58.71,55.68,56.41,24.6891837248,112500,0.0000,1.0
2009-10-23,58.98,59.13,56.74,57.06,24.9736717486,148600,0.0000,1.0
2009-10-22,58.35,59.02,57.52,58.57,25.6345593115,182800,0.0000,1.0
2009-10-21,57.17,59.77,57.17,58.55,25.6258058338,331900,0.0000,1.0
2009-10-20,57.46,57.81,56.33,57.32,25.0874669581,155600,0.0000,1.0
2009-10-19,56.49,57.81,56.1,57.31,25.0830902192,157300,0.0000,1.0
2009-10-16,56.74,56.84,55.04,56.23,24.6104024259,124100,0.0000,1.0
2009-10-15,56.71,57.45,56.36,57.12,24.9999321815,98400,0.0000,1.0
2009-10-14,55.91,57.3,55.43,57.05,24.9692950097,132200,0.0000,1.0
2009-10-13,55.85,55.93,54.7,55.31,24.2077424538,112500,0.0000,1.0
2009-10-12,56.6,57.63,55.9,56.12,24.5622582988,132500,0.0000,1.0
2009-10-09,54.94,56.77,54.83,56.61,24.7767185013,118000,0.0000,1.0
2009-10-08,54.5,55.15,54.0,55.15,24.1377146325,362200,0.0000,1.0
2009-10-07,54.62,55.0,53.98,54.42,23.8182126981,119700,0.0000,1.0
2009-10-06,54.55,55.06,54.04,54.79,23.9801520348,173900,0.0000,1.0
2009-10-05,53.86,54.42,53.42,54.1,23.6781570557,313900,0.0000,1.0
2009-10-02,53.42,56.18,53.305,53.45,23.3936690319,106100,0.0000,1.0
2009-10-01,56.02,56.02,53.84,53.84,23.5643618462,148900,0.0000,1.0
2009-09-30,57.6,57.91,55.5,56.09,24.5491280823,266100,0.0000,1.0
2009-09-29,57.45,58.49,57.18,57.41,25.1268576075,188200,0.0000,1.0
2009-09-28,55.62,58.05,55.245,57.45,25.1443645628,161600,0.0000,1.0
2009-09-25,55.73,55.85,54.67,55.15,24.1377146325,84900,0.0000,1.0
2009-09-24,56.82,58.23,55.4,56.0,24.5097374329,131800,0.0000,1.0
2009-09-23,57.3,57.39,56.67,56.69,24.8117324119,160000,0.0000,1.0
2009-09-22,57.63,58.2,56.03,57.38,25.113727391,105300,0.0000,1.0
2009-09-21,57.37,57.69,57.12,57.43,25.1356110852,89000,0.0000,1.0
2009-09-18,58.45,58.63,57.9462,58.15,25.4507362807,262900,0.0000,1.0
2009-09-17,57.75,58.73,57.55,58.3,25.5163873631,94600,0.0000,1.0
2009-09-16,57.22,57.7505,56.99,57.75,25.2756667276,146300,0.0000,1.0
2009-09-15,57.05,57.449,56.63,57.19,25.0305693533,248800,0.0000,1.0
2009-09-14,56.64,57.46,56.47,57.22,25.0436995698,255300,0.0000,1.0
2009-09-11,56.77,57.54,56.14,57.0,24.9474113156,119000,0.0000,1.0
2009-09-10,56.08,56.855,55.81,56.65,24.7942254566,186400,0.0000,1.0
2009-09-09,53.82,56.39,53.17,56.29,24.6366628588,229100,0.0000,1.0
2009-09-08,53.93,54.23,53.46,54.23,23.7350546604,164100,0.0000,1.0
2009-09-04,52.99,53.94,52.44,53.58,23.4505666367,133200,0.0000,1.0
2009-09-03,52.87,53.08,51.95,53.07,23.2273529565,134700,0.0000,1.0
2009-09-02,52.75,53.11,52.21,52.7,23.0654136198,176800,0.0000,1.0
2009-09-01,53.27,54.82,52.34,52.92,23.1617018741,348300,0.0000,1.0
2009-08-31,53.84,54.1799,53.29,53.58,23.4505666367,312600,0.0000,1.0
2009-08-28,55.4,55.67,53.85,54.19,23.7175477051,201600,0.1900,1.0
2009-08-27,54.9,55.24,53.86,55.07,24.0184875344,213200,0.0000,1.0
2009-08-26,54.53,55.42,53.93,55.26,24.1013550236,239500,0.0000,1.0
2009-08-25,54.47,55.22,54.24,54.43,23.7393549391,221300,0.0000,1.0
2009-08-24,53.51,55.0,53.12,54.5,23.7698850667,304000,0.0000,1.0
2009-08-21,54.91,54.91,52.69,53.19,23.1985355358,972400,0.0000,1.0
2009-08-20,47.89,50.335,47.56,49.83,21.7330894106,407900,0.0000,1.0
2009-08-19,46.44,48.16,46.41,48.14,20.9960049011,163200,0.0000,1.0
2009-08-18,46.38,47.35,45.54,47.2,20.5860289018,117900,0.0000,1.0
2009-08-17,46.4,47.46,45.74,45.98,20.0539323921,162800,0.0000,1.0
2009-08-14,48.54,48.63,46.61,47.33,20.6427277102,120800,0.0000,1.0
2009-08-13,48.88,49.35,48.0,48.75,21.262053156,99300,0.0000,1.0
2009-08-12,47.3,49.34,47.21,48.73,21.2533302624,128700,0.0000,1.0
2009-08-11,47.89,47.9399,46.52,47.14,20.559860221,80000,0.0000,1.0
2009-08-10,47.83,48.51,47.61,48.09,20.9741976671,81400,0.0000,1.0
2009-08-07,47.11,49.24,46.88,48.39,21.1050410712,271000,0.0000,1.0
2009-08-06,46.52,46.84,45.59,46.44,20.2545589449,222800,0.0000,1.0
2009-08-05,46.83,46.99,46.01,46.43,20.2501974981,204200,0.0000,1.0
2009-08-04,45.65,47.1,45.58,46.87,20.4421011574,208000,0.0000,1.0
2009-08-03,45.3,46.44,44.99,46.11,20.1106312005,199400,0.0000,1.0
2009-07-31,44.94,45.78,44.83,44.9,19.5828961375,240300,0.0000,1.0
2009-07-30,44.79,46.29,44.18,45.28,19.748631116,190000,0.0000,1.0
2009-07-29,43.54,44.01,43.28,43.96,19.1729201382,145300,0.0000,1.0
2009-07-28,43.71,44.42,43.2401,44.05,19.2121731594,146900,0.0000,1.0
2009-07-27,44.24,44.84,43.82,44.27,19.3081249891,114600,0.0000,1.0
2009-07-24,44.22,44.56,43.55,44.47,19.3953539251,111800,0.0000,1.0
2009-07-23,42.99,44.92,42.71,44.54,19.4258840527,221100,0.0000,1.0
2009-07-22,42.71,43.6,42.16,43.25,18.8632574153,271700,0.0000,1.0
2009-07-21,43.0,43.26,42.06,43.06,18.7803899261,333400,0.0000,1.0
2009-07-20,41.86,43.25,41.64,42.58,18.5710404797,151300,0.0000,1.0
2009-07-17,41.71,42.35,41.18,41.53,18.1130885655,286800,0.0000,1.0
2009-07-16,40.73,41.65,40.23,41.51,18.1043656719,155000,0.0000,1.0
2009-07-15,39.68,41.1,39.49,41.0,17.8819318851,205100,0.0000,1.0
2009-07-14,39.1,39.3,38.481,38.98,17.0009196312,214900,0.0000,1.0
2009-07-13,38.04,39.17,37.28,38.97,16.9965581844,217200,0.0000,1.0
2009-07-10,37.09,37.93,37.01,37.77,16.4731845683,200100,0.0000,1.0
2009-07-09,37.56,38.31,37.35,37.49,16.3510640578,243900,0.0000,1.0
2009-07-08,37.57,37.57,36.87,37.3,16.2681965686,266500,0.0000,1.0
2009-07-07,38.06,38.06,37.22,37.28,16.259473675,249900,0.0000,1.0
2009-07-06,37.81,38.12,37.52,38.0,16.5734978447,399900,0.0000,1.0
2009-07-02,38.98,39.08,37.75,38.21,16.6650882275,237100,0.0000,1.0
2009-07-01,39.13,40.05,38.13,39.81,17.3629197157,299900,0.0000,1.0
2009-06-30,39.03,39.445,38.53,38.82,16.9311364824,243800,0.0000,1.0
2009-06-29,39.27,39.27,38.1208,38.94,16.983473844,287500,0.0000,1.0
2009-06-26,37.99,39.78,37.9009,39.78,17.3498353753,1152500,0.0000,1.0
2009-06-25,36.71,38.57,36.25,38.37,16.7348713763,281700,0.0000,1.0
2009-06-24,37.75,37.89,36.59,36.75,16.0283169945,291600,0.0000,1.0
2009-06-23,38.26,38.4,36.66,36.68,15.9977868669,301700,0.0000,1.0
2009-06-22,38.48,38.55,37.65,37.96,16.5560520575,254500,0.0000,1.0
2009-06-19,39.04,39.56,38.42,39.03,17.0227268652,388500,0.0000,1.0
2009-06-18,37.8,38.76,37.4,38.39,16.7435942699,253600,0.0000,1.0
2009-06-17,37.68,38.34,37.01,37.83,16.4993532491,194200,0.0000,1.0
2009-06-16,38.8,38.8,37.4,37.62,16.4077628662,198600,0.0000,1.0
2009-06-15,39.82,41.25,37.73,38.42,16.7566786103,276100,0.0000,1.0
2009-06-12,40.9,40.9,39.47,40.54,17.6813053322,269300,0.0000,1.0
2009-06-11,40.76,41.84,40.37,41.16,17.9517150339,226200,0.0000,1.0
2009-06-10,41.31,41.68,39.62,40.56,17.6900282258,250600,0.0000,1.0
2009-06-09,40.96,41.7,40.75,41.13,17.9386306935,184000,0.0000,1.0
2009-06-08,42.55,43.03,40.52,41.08,17.9168234595,314800,0.0000,1.0
2009-06-05,42.51,43.04,42.03,42.7,18.6233778413,341600,0.0000,1.0
2009-06-04,40.47,41.93,40.42,41.88,18.2657392036,417700,0.0000,1.0
2009-06-03,40.06,40.65,39.75,40.43,17.6333294174,312200,0.0000,1.0
2009-06-02,39.95,40.51,39.38,40.38,17.6115221834,307900,0.0000,1.0
2009-06-01,39.18,40.33,39.18,40.01,17.4501486517,411500,0.0000,1.0
2009-05-29,38.28,38.71,37.55,38.4,16.7479557167,255100,0.1825,1.0
2009-05-28,37.88,38.7,36.79,38.31,16.6296684639,332900,0.0000,1.0
2009-05-27,37.86,38.77,37.19,37.33,16.2042684353,404900,0.0000,1.0
2009-05-26,37.61,38.68,37.52,38.17,16.5688970312,505600,0.0000,1.0
2009-05-22,40.07,41.34,37.5,37.69,16.3605378336,950100,0.0000,1.0
2009-05-21,35.8,36.12,34.47,35.25,15.3013785788,306900,0.0000,1.0
2009-05-20,37.01,38.17,36.29,36.44,15.8179357563,292800,0.0000,1.0
2009-05-19,36.66,37.34,35.84,36.76,15.9568418881,314500,0.0000,1.0
2009-05-18,36.42,36.92,35.93,36.71,15.935137805,275700,0.0000,1.0
2009-05-15,35.8,37.08,35.56,36.08,15.6616663581,246200,0.0000,1.0
2009-05-14,35.79,36.57,35.34,35.92,15.5922132922,417900,0.0000,1.0
2009-05-13,35.84,37.16,34.91,35.4,15.366490828,456600,0.0000,1.0
2009-05-12,38.08,38.08,35.58,36.69,15.9264561718,214600,0.0000,1.0
2009-05-11,36.59,37.9,35.77,36.8,15.9742051546,194300,0.0000,1.0
2009-05-08,36.73,37.6,35.98,37.36,16.2172908852,253300,0.0000,1.0
2009-05-07,37.85,38.185,35.56,35.98,15.6182581919,206800,0.0000,1.0
2009-05-06,38.06,38.06,35.76,37.29,16.1869051689,254400,0.0000,1.0
2009-05-05,37.83,37.89,36.44,37.37,16.2216317018,189500,0.0000,1.0
2009-05-04,36.63,37.88,35.84,37.87,16.4386725327,409800,0.0000,1.0
2009-05-01,36.2,36.52,35.25,36.08,15.6616663581,229600,0.0000,1.0
2009-04-30,37.28,38.065,36.15,36.28,15.7484826904,446200,0.0000,1.0
2009-04-29,35.47,36.99,34.7,36.41,15.8049133065,482300,0.0000,1.0
2009-04-28,34.68,36.01,34.23,35.2,15.2796744957,414700,0.0000,1.0
2009-04-27,35.49,37.41,35.49,36.13,15.6833704412,475600,0.0000,1.0
2009-04-24,35.64,36.99,35.0,36.38,15.7918908566,222000,0.0000,1.0
2009-04-23,35.7,36.34,34.44,35.3,15.3230826619,231100,0.0000,1.0
2009-04-22,34.01,36.79,33.76,35.68,15.4880336933,293900,0.0000,1.0
2009-04-21,32.47,35.1,32.47,34.71,15.0669744814,275500,0.0000,1.0
2009-04-20,34.02,34.07,32.28,32.72,14.2031519744,242500,0.0000,1.0
2009-04-17,34.82,35.4,34.31,35.12,15.2449479627,298800,0.0000,1.0
2009-04-16,33.49,35.36,32.68,34.65,15.0409295817,320500,0.0000,1.0
2009-04-15,31.8,33.27,31.8,33.02,14.3333764729,265200,0.0000,1.0
2009-04-14,32.41,32.8392,31.4848,31.99,13.8862723613,169700,0.0000,1.0
2009-04-13,34.08,34.18,32.5,33.01,14.3290356563,182200,0.0000,1.0
2009-04-09,32.64,34.64,32.05,34.49,14.9714765158,321900,0.0000,1.0
2009-04-08,30.79,31.6,30.49,31.59,13.7126396965,196500,0.0000,1.0
2009-04-07,31.21,31.62,30.34,30.46,13.2221274187,219600,0.0000,1.0
2009-04-06,32.44,33.3,31.02,31.88,13.8385233785,223600,0.0000,1.0
2009-04-03,32.05,32.86,31.59,32.65,14.1727662581,294600,0.0000,1.0
2009-04-02,30.36,33.1399,29.64,31.97,13.877590728,363100,0.0000,1.0
2009-04-01,27.81,29.98,27.71,29.59,12.8444763729,410100,0.0000,1.0
2009-03-31,28.03,29.64,27.85,28.43,12.3409416452,413600,0.0000,1.0
2009-03-30,29.86,29.86,27.13,27.49,11.9329048831,354100,0.0000,1.0
2009-03-27,30.94,31.61,29.76,29.96,13.0050865878,267400,0.0000,1.0
2009-03-26,29.56,31.51,29.56,31.46,13.6562090805,374400,0.0000,1.0
2009-03-25,28.74,30.5,27.86,29.01,12.5927090091,323300,0.0000,1.0
2009-03-24,27.76,29.55,27.29,28.53,12.3843498114,302100,0.0000,1.0
2009-03-23,26.17,28.28,25.91,28.28,12.275829396,220400,0.0000,1.0
2009-03-20,26.63,26.8,25.16,25.71,11.1602395251,353900,0.0000,1.0
2009-03-19,25.98,26.83,25.49,26.4,11.4597558718,332800,0.0000,1.0
2009-03-18,24.62,25.82,23.83,25.82,11.2079885079,248500,0.0000,1.0
2009-03-17,24.02,24.84,23.59,24.65,10.7001129636,370400,0.0000,1.0
2009-03-16,24.49,25.1,23.94,24.04,10.4353231499,193700,0.0000,1.0
2009-03-13,24.05,24.29,23.4,24.13,10.4743904994,168600,0.0000,1.0
2009-03-12,22.62,24.1,22.08,23.91,10.3788925339,215900,0.0000,1.0
2009-03-11,22.61,23.19,22.13,22.55,9.78854147379,158800,0.0000,1.0
2009-03-10,21.0,22.55,20.907,22.52,9.77551902394,211000,0.0000,1.0
2009-03-09,21.0,21.41,20.3,20.4,8.8552659009,203900,0.0000,1.0
2009-03-06,22.02,22.32,20.6605,21.23,9.2155536802,176400,0.0000,1.0
2009-03-05,22.5,22.74,21.63,21.79,9.45863941082,248900,0.0000,1.0
2009-03-04,22.61,23.73,22.27,23.07,10.0142639379,248700,0.0000,1.0
2009-03-03,22.97,23.02,22.125,22.17,9.6235904423,242500,0.0000,1.0
2009-03-02,24.41,24.41,22.34,22.67,9.84063127321,352700,0.0000,1.0
2009-02-27,24.62,25.65,24.41,24.9,10.808633379,279100,0.1825,1.0
2009-02-26,26.35,26.35,24.75,24.99,10.7687729749,479400,0.0000,1.0
2009-02-25,25.46,25.46,23.78,24.22,10.4369620429,368800,0.0000,1.0
2009-02-24,25.48,25.93,24.79,25.73,11.0876562082,298600,0.0000,1.0
2009-02-23,27.67,28.41,25.15,25.21,10.8635760983,318300,0.0000,1.0
2009-02-20,28.68,28.9,26.82,27.48,11.8417719628,514700,0.0000,1.0
2009-02-19,30.83,31.76,29.5,29.55,12.7337831696,271300,0.0000,1.0
2009-02-18,30.44,31.24,29.69,30.18,13.0052648412,257700,0.0000,1.0
2009-02-17,30.01,30.74,29.22,30.0,12.9276986493,409100,0.0000,1.0
2009-02-13,30.77,31.46,30.29,30.59,13.1819433894,234200,0.0000,1.0
2009-02-12,30.53,31.06,29.63,30.64,13.2034895538,271500,0.0000,1.0
2009-02-11,31.39,32.15,30.6,31.1,13.4017142664,201200,0.0000,1.0
2009-02-10,32.59,33.09,30.87,31.12,13.4103327322,221200,0.0000,1.0
2009-02-09,33.24,33.77,32.51,33.02,14.22908698,162500,0.0000,1.0
2009-02-06,31.64,33.31,31.58,33.19,14.302343939,239600,0.0000,1.0
2009-02-05,30.8,32.33,30.44,31.72,13.6688867052,225600,0.0000,1.0
2009-02-04,31.18,32.08,30.7,31.19,13.4404973624,141900,0.0000,1.0
2009-02-03,31.37,31.44,30.51,31.25,13.4663527597,185800,0.0000,1.0
2009-02-02,29.56,30.77,29.46,30.68,13.2207264854,229800,0.0000,1.0
2009-01-30,32.14,32.22,29.95,30.21,13.0181925399,180200,0.0000,1.0
2009-01-29,32.78,32.99,31.47,31.69,13.6559590066,127800,0.0000,1.0
2009-01-28,33.0,33.41,32.67,33.09,14.2592516102,249400,0.0000,1.0
2009-01-27,31.57,32.85,31.57,32.28,13.9102037467,156000,0.0000,1.0
2009-01-26,31.32,32.49,30.82,31.37,13.5180635543,271300,0.0000,1.0
2009-01-23,29.86,32.25,29.53,31.28,13.4792804583,277600,0.0000,1.0
2009-01-22,31.26,31.49,30.005,30.82,13.2810557457,179500,0.0000,1.0
2009-01-21,29.78,32.38,29.78,32.2,13.8757298836,310000,0.0000,1.0
2009-01-20,31.83,31.83,29.19,29.38,12.6605262106,415300,0.0000,1.0
2009-01-16,32.68,33.1,30.93,32.27,13.9058945138,182600,0.0000,1.0
2009-01-15,31.87,32.92,30.92,32.57,14.0351715003,303100,0.0000,1.0
2009-01-14,32.2,33.3,31.22,31.84,13.7205974998,276800,0.0000,1.0
2009-01-13,32.09,33.16,31.91,32.76,14.117046925,274600,0.0000,1.0
2009-01-12,33.32,33.32,31.93,32.36,13.9446776097,265000,0.0000,1.0
2009-01-09,34.01,34.01,31.94,33.33,14.3626731994,320800,0.0000,1.0
2009-01-08,33.65,34.2,33.07,34.14,14.7117210629,310200,0.0000,1.0
2009-01-07,35.5,35.68,33.43,33.91,14.6126087066,269700,0.0000,1.0
2009-01-06,35.48,37.18,35.05,36.09,15.5520214751,316100,0.0000,1.0
2009-01-05,34.65,35.25,33.81,35.04,15.0995520224,327600,0.0000,1.0
2009-01-02,32.56,34.89,32.21,34.58,14.9013273098,302100,0.0000,1.0
2008-12-31,32.39,32.72,31.7,32.29,13.9145129795,397300,0.0000,1.0
2008-12-30,31.47,32.21,30.35,32.19,13.8714206507,216300,0.0000,1.0
2008-12-29,31.2,31.44,30.65,31.02,13.3672404034,156500,0.0000,1.0
2008-12-26,30.98,31.27,30.34,31.15,13.4232604309,110400,0.0000,1.0
2008-12-24,30.34,31.03,29.91,30.91,13.3198388417,53400,0.0000,1.0
2008-12-23,31.22,32.03,30.04,30.49,13.1388510606,318400,0.0000,1.0
2008-12-22,32.47,32.61,29.87,31.15,13.4232604309,319500,0.0000,1.0
2008-12-19,32.31,32.97,31.19,32.38,13.9532960755,773300,0.0000,1.0
2008-12-18,30.5,31.5,29.42,31.2,13.4448065953,689600,0.1825,1.0
2008-12-17,30.67,33.07,30.67,32.8,14.0520881487,616800,0.0000,1.0
2008-12-16,29.87,31.18,28.5,31.04,13.2980736626,342900,0.0000,1.0
2008-12-15,30.27,31.16,28.701,29.24,12.5269224837,278600,0.0000,1.0
2008-12-12,28.49,30.66,27.89,30.18,12.9296347661,353000,0.0000,1.0
2008-12-11,31.65,32.8,28.8,29.35,12.5740483891,450100,0.0000,1.0
2008-12-10,31.66,33.59,31.66,32.04,13.7264909842,329900,0.0000,1.0
2008-12-09,32.04,33.43,30.8,31.33,13.4223146859,317100,0.0000,1.0
2008-12-08,31.04,32.42,30.69,32.24,13.8121744486,676200,0.0000,1.0
2008-12-05,28.17,29.99,26.98,29.91,12.8139620892,389700,0.0000,1.0
2008-12-04,29.85,31.29,27.72,28.74,12.3127138229,368300,0.0000,1.0
2008-12-03,28.56,30.73,28.37,30.4,13.0238865768,320400,0.0000,1.0
2008-12-02,28.18,29.48,27.54,29.35,12.5740483891,350300,0.0000,1.0
2008-12-01,31.25,33.2,27.2,27.41,11.7429187852,498200,0.0000,1.0
2008-11-28,31.25,32.5,31.25,32.45,13.9021420861,129700,0.0000,1.0
2008-11-26,28.98,31.61,28.45,31.58,13.5294190163,435200,0.0000,1.0
2008-11-25,29.57,29.99,27.78,29.88,12.8011095696,409100,0.0000,1.0
2008-11-24,27.15,29.33,26.57,29.1,12.4669440587,506000,0.0000,1.0
2008-11-21,25.35,27.17,24.04,26.8,11.481584219,702900,0.0000,1.0
2008-11-20,27.02,27.58,24.59,24.72,10.5904761901,495700,0.0000,1.0
2008-11-19,29.75,30.06,27.03,27.07,11.5972568959,367000,0.0000,1.0
2008-11-18,30.2,30.97,28.3,29.63,12.6940052392,499600,0.0000,1.0
2008-11-17,29.95,31.22,29.09,30.0,12.8525196482,454500,0.0000,1.0
2008-11-14,30.71,32.29,29.98,30.2,12.9382031125,663200,0.0000,1.0
2008-11-13,32.11,35.43,30.41,35.12,15.0460163348,446300,0.0000,1.0
2008-11-12,34.05,35.54,31.58,31.91,13.6707967324,541600,0.0000,1.0
2008-11-11,35.3,36.65,33.86,34.83,14.9217753115,318700,0.0000,1.0
2008-11-10,36.6,37.76,35.17,35.71,15.2987825545,204800,0.0000,1.0
2008-11-07,35.23,35.9,34.34,35.53,15.2216674366,280000,0.0000,1.0
2008-11-06,36.69,36.9,34.64,35.0,14.9946062562,372200,0.0000,1.0
2008-11-05,38.5,39.88,36.92,37.05,15.8728617655,345600,0.0000,1.0
2008-11-04,39.0,39.95,37.87,39.17,16.7811064873,266300,0.0000,1.0
2008-11-03,36.76,39.06,36.75,38.23,16.378394205,440900,0.0000,1.0
2008-10-31,36.38,37.88,36.11,36.93,15.8214516869,668900,0.0000,1.0
2008-10-30,37.23,37.27,34.64,36.2,15.5087070421,748400,0.0000,1.0
2008-10-29,34.64,38.33,33.77,35.8,15.3373401135,358700,0.0000,1.0
2008-10-28,33.84,34.69,32.44,34.58,14.8146709811,811200,0.0000,1.0
2008-10-27,33.27,35.28,32.8,32.97,14.1249190933,346300,0.0000,1.0
2008-10-24,31.98,35.51,31.19,33.83,14.4933579899,300400,0.0000,1.0
2008-10-23,36.47,38.71,33.85,35.32,15.1316997991,404000,0.0000,1.0
2008-10-22,39.84,39.84,35.47,36.86,15.7914624744,456200,0.0000,1.0
2008-10-21,41.24,42.68,39.765,41.04,17.5822468787,289700,0.0000,1.0
2008-10-20,39.3,41.62,39.2,41.56,17.8050238859,288600,0.0000,1.0
2008-10-17,37.7,41.71,37.7,38.7,16.5797503461,354400,0.0000,1.0
2008-10-16,37.07,40.07,34.78,39.67,16.9953151481,421100,0.0000,1.0
2008-10-15,40.47,42.6,37.12,37.2,15.9371243637,262600,0.0000,1.0
2008-10-14,45.8,46.24,40.45,41.72,17.8735706574,331800,0.0000,1.0
2008-10-13,41.99,44.28,39.74,44.03,18.8632146703,453000,0.0000,1.0
2008-10-10,34.58,40.44,31.19,39.59,16.9610417624,628400,0.0000,1.0
2008-10-09,40.05,40.89,36.03,36.27,15.5386962546,381400,0.0000,1.0
2008-10-08,38.96,41.37,38.77,39.49,16.9182000302,665900,0.0000,1.0
2008-10-07,44.38,44.68,40.3,40.32,17.2737864071,356500,0.0000,1.0
2008-10-06,43.74,44.39,40.1001,43.8,18.7646786863,408800,0.0000,1.0
2008-10-03,45.62,47.42,43.9,44.12,18.9017722292,286800,0.0000,1.0
2008-10-02,47.76,47.96,44.62,44.86,19.2188010472,166800,0.0000,1.0
2008-10-01,48.85,49.58,47.61,47.98,20.5554630906,225400,0.0000,1.0
2008-09-30,46.68,49.42,46.64,49.11,21.039574664,264700,0.0000,1.0
2008-09-29,47.38,49.31,45.24,45.58,19.5272615188,239200,0.0000,1.0
2008-09-26,48.18,48.52,46.77,48.26,20.6754199407,199100,0.0000,1.0
2008-09-25,47.83,49.23,47.52,48.28,20.6839882871,192400,0.0000,1.0
2008-09-24,49.49,50.9,47.31,47.45,20.3284019102,231200,0.0000,1.0
2008-09-23,51.82,52.67,49.16,49.47,21.1938048998,262100,0.0000,1.0
2008-09-22,54.85,55.48,51.7,51.93,22.247711511,297900,0.0000,1.0
2008-09-19,54.63,57.25,52.93,54.32,23.2716289096,917600,0.0000,1.0
2008-09-18,47.09,52.34,46.84,52.19,22.3591000146,723900,0.0000,1.0
2008-09-17,48.51,49.99,45.03,45.88,19.6557867153,567600,0.0000,1.0
2008-09-16,46.84,49.65,46.79,49.35,21.1423948212,450900,0.0000,1.0
2008-09-15,47.34,50.66,47.34,48.3,20.6925566335,459000,0.0000,1.0
2008-09-12,50.09,50.6,49.2,50.04,21.4380027731,266600,0.0000,1.0
2008-09-11,49.87,50.6,48.46,50.11,21.4679919856,354200,0.0000,1.0
2008-09-10,47.72,50.39,47.67,50.21,21.5108337178,499800,0.0000,1.0
2008-09-09,49.61,50.45,46.92,47.03,20.1484666351,480400,0.0000,1.0
2008-09-08,51.06,51.7,49.08,49.61,21.2537833248,253500,0.0000,1.0
2008-09-05,49.11,50.12,48.34,49.41,21.1680998605,330900,0.0000,1.0
2008-09-04,50.2,51.17,49.25,49.4,21.1638156873,430500,0.0000,1.0
2008-09-03,50.5,51.44,49.39,50.01,21.4251502535,301800,0.0000,1.0
2008-09-02,53.05,53.16,50.33,50.39,21.5879488357,787800,0.0000,1.0
2008-08-29,53.69,54.08,52.69,53.63,22.9760209577,530900,0.0000,1.0
2008-08-28,52.61,53.6,52.22,53.53,22.9331792255,444600,0.1825,1.0
2008-08-27,53.34,53.5,52.3701,52.9,22.5862728607,385200,0.0000,1.0
2008-08-26,51.49,54.0,51.34,53.1,22.6716651967,909500,0.0000,1.0
2008-08-25,54.41,54.85,52.48,52.67,22.4880716744,957900,0.0000,1.0
2008-08-22,56.855,57.96,53.9,54.74,23.3718823515,3380600,0.0000,1.0
2008-08-21,72.12,72.45,70.78,71.77,30.6430397583,359600,0.0000,1.0
2008-08-20,71.95,72.97,71.47,72.48,30.9461825509,248300,0.0000,1.0
2008-08-19,71.12,72.92,71.04,71.77,30.6430397583,202000,0.0000,1.0
2008-08-18,72.15,72.98,71.06,71.68,30.6046132071,128500,0.0000,1.0
2008-08-15,72.91,73.0,71.65,71.87,30.6857359263,318000,0.0000,1.0
2008-08-14,70.87,72.08,70.83,71.98,30.732701711,190000,0.0000,1.0
2008-08-13,70.87,71.97,70.17,71.62,30.5789955063,216000,0.0000,1.0
2008-08-12,72.17,72.17,70.87,71.2,30.3996716008,221400,0.0000,1.0
2008-08-11,70.65,72.58,70.07,72.3,30.8693294486,359100,0.0000,1.0
2008-08-08,68.56,70.3,68.56,70.1,29.930013753,293800,0.0000,1.0
2008-08-07,69.24,69.59,68.51,68.78,29.3664243357,288500,0.0000,1.0
2008-08-06,69.5,70.79,68.25,70.2,29.972709921,259200,0.0000,1.0
2008-08-05,70.0,70.49,68.28,69.53,29.6866455956,216000,0.0000,1.0
2008-08-04,69.86,70.33,68.64,69.12,29.5115913068,227400,0.0000,1.0
2008-08-01,71.36,71.69,69.34,69.71,29.7634986979,392700,0.0000,1.0
2008-07-31,73.02,73.18,70.65,70.66,30.1691122937,372100,0.0000,1.0
2008-07-30,74.27,75.04,72.89,74.0,31.5951643042,415600,0.0000,1.0
2008-07-29,72.67,73.75,71.54,73.56,31.4073011651,261900,0.0000,1.0
2008-07-28,73.46,74.3175,72.0,72.27,30.8565205982,207100,0.0000,1.0
2008-07-25,73.64,74.77,72.07,73.56,31.4073011651,261800,0.0000,1.0
2008-07-24,75.0,75.8295,72.54,72.82,31.0913495221,388300,0.0000,1.0
2008-07-23,76.96,77.242,73.93,74.92,31.9879690496,646200,0.0000,1.0
2008-07-22,76.41,78.98,75.77,78.62,33.5677272648,507600,0.0000,1.0
2008-07-21,76.11,77.38,75.1,77.03,32.888858194,201400,0.0000,1.0
2008-07-18,76.5,76.935,75.05,75.72,32.3295383934,213600,0.0000,1.0
2008-07-17,76.87,76.92,75.56,76.4,32.6198723357,302900,0.0000,1.0
2008-07-16,73.36,76.98,71.63,76.72,32.7565000732,550800,0.0000,1.0
2008-07-15,69.91,73.93,68.86,72.99,31.1639330076,801300,0.0000,1.0
2008-07-14,68.7,71.61,68.17,70.86,30.2545046297,347200,0.0000,1.0
2008-07-11,68.7,70.32,67.66,70.04,29.9043960523,295600,0.0000,1.0
2008-07-10,69.2,69.98,68.37,69.37,29.6183317268,370900,0.0000,1.0
2008-07-09,70.16,71.49,69.07,69.69,29.7549594643,382100,0.0000,1.0
2008-07-08,66.93,70.04,66.82,70.02,29.8958568187,455200,0.0000,1.0
2008-07-07,67.5,68.61,66.05,66.85,28.5423882937,370500,0.0000,1.0
2008-07-03,69.12,69.16,66.03,66.96,28.5893540785,398900,0.0000,1.0
2008-07-02,73.66,74.36,69.01,69.09,29.4987824565,379200,0.0000,1.0
2008-07-01,72.69,74.55,71.7,73.79,31.5055023514,219900,0.0000,1.0
2008-06-30,73.55,74.54,72.71,72.89,31.1212368396,235500,0.0000,1.0
2008-06-27,73.63,74.32,72.81,73.46,31.3646049971,628400,0.0000,1.0
2008-06-26,75.48,75.48,73.22,73.48,31.3731442307,274800,0.0000,1.0
2008-06-25,75.14,76.89,75.055,76.07,32.4789749814,326800,0.0000,1.0
2008-06-24,75.82,76.7,75.04,75.04,32.0392044512,235300,0.0000,1.0
2008-06-23,75.36,77.29,75.01,76.32,32.5857154013,235100,0.0000,1.0
2008-06-20,75.13,76.0,74.23,75.43,32.2057195063,450700,0.0000,1.0
2008-06-19,74.34,76.42,74.34,76.4,32.6198723357,203300,0.0000,1.0
2008-06-18,74.85,76.3,74.4,75.1,32.064822152,488700,0.0000,1.0
2008-06-17,76.08,76.08,74.94,75.28,32.1416752543,312300,0.0000,1.0
2008-06-16,75.0,75.62,74.71,75.44,32.2099891231,594000,0.0000,1.0
2008-06-13,73.68,74.99,73.6,74.69,31.8897678633,485400,0.0000,1.0
2008-06-12,70.66,73.43,69.14,72.45,30.9333737005,419500,0.0000,1.0
2008-06-11,72.18,72.93,70.87,70.9,30.2715830969,428600,0.0000,1.0
2008-06-10,73.58,74.59,72.04,72.08,30.775397879,711500,0.0000,1.0
2008-06-09,72.66,74.69,71.95,74.21,31.684826257,416200,0.0000,1.0
2008-06-06,73.93,74.96,73.07,73.07,31.198089942,426300,0.0000,1.0
2008-06-05,72.55,74.92,72.5,74.64,31.8684197793,519600,0.0000,1.0
2008-06-04,70.49,73.45,70.36,72.25,30.8479813646,463100,0.0000,1.0
2008-06-03,71.67,72.58,70.2,70.78,30.2203476953,376100,0.0000,1.0
2008-06-02,71.85,72.48,68.81,71.58,30.5619170391,304400,0.0000,1.0
2008-05-30,71.95,72.51,71.4,71.85,30.6771966927,511600,0.1825,1.0
2008-05-29,71.7,72.49,69.86,71.47,30.4376392271,411500,0.0000,1.0
2008-05-28,70.02,72.16,69.8,72.16,30.7314963849,630500,0.0000,1.0
2008-05-27,69.49,70.42,69.21,69.6,29.6412437415,514900,0.0000,1.0
2008-05-23,66.96,69.56,66.96,69.06,29.4112685745,416800,0.0000,1.0
2008-05-22,68.0,70.48,67.53,69.73,29.6966081335,1070900,0.0000,1.0
2008-05-21,62.54,62.92,60.14,61.14,26.0382994591,240800,0.0000,1.0
2008-05-20,62.65,63.16,61.45,62.22,26.498249793,179700,0.0000,1.0
2008-05-19,62.79,63.82,62.29,62.71,26.7069309631,233900,0.0000,1.0
2008-05-16,63.36,63.87,61.345,62.89,26.7835893521,136900,0.0000,1.0
2008-05-15,60.93,63.13,60.8,62.9,26.7878481514,180800,0.0000,1.0
2008-05-14,62.82,62.82,60.92,61.0,25.9786762677,250300,0.0000,1.0
2008-05-13,61.66,63.04,60.77,62.9,26.7878481514,197500,0.0000,1.0
2008-05-12,59.98,61.67,59.16,61.62,26.2427218298,159700,0.0000,1.0
2008-05-09,59.01,60.18,58.37,60.0,25.5527963289,76400,0.0000,1.0
2008-05-08,59.04,59.92,58.57,59.65,25.4037383503,95500,0.0000,1.0
2008-05-07,60.06,60.25,58.79,59.13,25.1822807821,158400,0.0000,1.0
2008-05-06,58.94,60.21,58.3501,59.96,25.5357611313,147100,0.0000,1.0
2008-05-05,59.48,59.51,58.54,59.39,25.2930095662,142400,0.0000,1.0
2008-05-02,60.58,60.85,59.46,59.54,25.356891557,182000,0.0000,1.0
2008-05-01,59.05,60.42,58.9,60.22,25.6464899154,201000,0.0000,1.0
2008-04-30,58.93,59.66,55.9,59.03,25.1396927882,191200,0.0000,1.0
2008-04-29,58.97,59.17,58.36,58.69,24.994893609,149900,0.0000,1.0
2008-04-28,58.76,59.15,58.51,58.94,25.1013635937,256300,0.0000,1.0
2008-04-25,58.32,59.06,57.52,58.85,25.0630343992,133100,0.0000,1.0
2008-04-24,57.73,58.57,56.25,58.05,24.7223304482,177500,0.0000,1.0
2008-04-23,57.28,57.89,56.76,57.79,24.6116016641,162800,0.0000,1.0
2008-04-22,57.28,57.28,56.35,57.12,24.3262621051,268900,0.0000,1.0
2008-04-21,56.62,57.7,56.4,57.62,24.5392020745,135200,0.0000,1.0
2008-04-18,56.23,57.38,55.82,57.18,24.3518149014,163400,0.0000,1.0
2008-04-17,56.05,56.05,54.76,55.27,23.5383842183,84200,0.0000,1.0
2008-04-16,54.88,56.27,54.84,56.15,23.9131585644,247800,0.0000,1.0
2008-04-15,54.4,54.83,53.51,54.56,23.2360094617,102300,0.0000,1.0
2008-04-14,54.37,55.36,54.04,54.12,23.0486222886,120800,0.0000,1.0
2008-04-11,55.54,56.33,54.21,54.58,23.2445270605,171700,0.0000,1.0
2008-04-10,55.14,56.25,54.5,56.11,23.8961233669,110100,0.0000,1.0
2008-04-09,55.55,55.85,54.62,55.0,23.4233966348,215000,0.0000,1.0
2008-04-08,54.19,55.84,54.19,55.38,23.5852310116,170100,0.0000,1.0
2008-04-07,56.28,56.81,55.16,55.57,23.6661481999,178500,0.0000,1.0
2008-04-04,55.58,56.61,55.0,55.95,23.8279825767,172500,0.0000,1.0
2008-04-03,55.75,55.91,54.54,55.55,23.6576306012,230100,0.0000,1.0
2008-04-02,56.48,56.95,56.01,56.67,24.1346161326,172600,0.0000,1.0
2008-04-01,54.45,56.49,54.38,56.48,24.0536989442,185800,0.0000,1.0
2008-03-31,53.91,54.26,52.54,53.85,22.9336347052,250800,0.0000,1.0
2008-03-28,53.89,54.46,53.54,53.74,22.8867879119,161900,0.0000,1.0
2008-03-27,54.83,54.9999,53.62,53.71,22.8740115137,143800,0.0000,1.0
2008-03-26,54.87,55.0,53.88,54.61,23.2573034587,194500,0.0000,1.0
2008-03-25,54.33,55.44,53.99,55.22,23.5170902213,184700,0.0000,1.0
2008-03-24,52.98,54.72,52.74,54.2,23.0826926838,169200,0.0000,1.0
2008-03-20,51.76,53.15,50.94,52.68,22.4353551768,746500,0.0000,1.0
2008-03-19,52.96,53.83,51.26,51.26,21.8306056636,347400,0.0000,1.0
2008-03-18,51.63,52.9,50.85,52.8,22.4864607694,351100,0.0000,1.0
2008-03-17,50.03,51.48,50.03,50.68,21.5835952991,360000,0.0000,1.0
2008-03-14,53.81,53.81,50.59,51.33,21.8604172594,308800,0.0000,1.0
2008-03-13,52.0,53.96,51.84,53.48,22.7760591278,442900,0.0000,1.0
2008-03-12,53.93,54.18,52.94,53.36,22.7249535351,313000,0.0000,1.0
2008-03-11,52.7,53.61,51.25,53.61,22.8314235199,452900,0.0000,1.0
2008-03-10,51.65,51.65,50.6001,50.87,21.6645124875,367900,0.0000,1.0
2008-03-07,51.19,52.42,50.3,51.47,21.9200404508,293200,0.0000,1.0
2008-03-06,51.93,52.68,51.58,51.75,22.0392868337,459600,0.0000,1.0
2008-03-05,51.61,52.37,50.822,52.31,22.2777795994,391800,0.0000,1.0
2008-03-04,51.41,52.29,50.29,51.35,21.8689348581,379400,0.0000,1.0
2008-03-03,51.29,52.83,50.36,52.05,22.1670508153,385200,0.0000,1.0
2008-02-29,52.4,52.66,51.06,51.39,21.8859700557,504400,0.1825,1.0
2008-02-28,54.46,54.6,52.95,53.2,22.5766369085,382100,0.0000,1.0
2008-02-27,53.06,55.52,53.06,54.68,23.2047087623,400200,0.0000,1.0
2008-02-26,52.55,54.2,52.25,53.61,22.7506297869,415400,0.0000,1.0
2008-02-25,50.51,52.65,50.48,52.52,22.288063354,561900,0.0000,1.0
2008-02-22,52.04,52.04,49.38,50.03,21.2313748972,677600,0.0000,1.0
2008-02-21,50.66,51.16,49.68,49.79,21.1295254074,401600,0.0000,1.0
2008-02-20,48.93,50.56,48.43,50.08,21.2525935409,343400,0.0000,1.0
2008-02-19,49.08,49.95,48.36,49.15,20.8579267679,325700,0.0000,1.0
2008-02-15,48.73,49.65,48.01,48.48,20.5735969422,419000,0.0000,1.0
2008-02-14,50.16,51.68,49.0,49.16,20.8621704966,217500,0.0000,1.0
2008-02-13,49.29,50.67,48.29,49.99,21.2143999822,303600,0.0000,1.0
2008-02-12,48.58,49.8,47.91,48.79,20.7051525332,147000,0.0000,1.0
2008-02-11,48.14,48.73,47.42,48.23,20.4675037236,144300,0.0000,1.0
2008-02-08,47.63,48.85,47.63,48.19,20.4505288086,156700,0.0000,1.0
2008-02-07,47.85,50.51,47.16,48.54,20.5990593146,157400,0.0000,1.0
2008-02-06,48.9,49.9,48.07,48.23,20.4675037236,132900,0.0000,1.0
2008-02-05,49.76,50.72,48.44,48.54,20.5990593146,197200,0.0000,1.0
2008-02-04,51.08,51.2,50.1,50.76,21.5411670954,160000,0.0000,1.0
2008-02-01,50.07,51.66,49.66,51.08,21.6769664151,223800,0.0000,1.0
2008-01-31,47.51,50.5,47.26,49.88,21.1677189661,295200,0.0000,1.0
2008-01-30,48.46,50.18,47.08,48.32,20.5056972823,300200,0.0000,1.0
2008-01-29,47.64,48.01,46.62,47.75,20.263804744,190700,0.0000,1.0
2008-01-28,47.17,48.27,46.5,47.29,20.0685932218,351200,0.0000,1.0
2008-01-25,46.76,48.34,46.37,47.44,20.132249153,285900,0.0000,1.0
2008-01-24,46.59,47.17,45.91,46.34,19.6654389913,390600,0.0000,1.0
2008-01-23,43.46,46.1,43.17,45.85,19.457496283,500700,0.0000,1.0
2008-01-22,43.23,45.87,42.3,44.64,18.9440051052,310200,0.0000,1.0
2008-01-18,44.51,46.03,44.34,44.94,19.0713169674,519700,0.0000,1.0
2008-01-17,47.16,47.35,44.4,44.79,19.0076610363,584000,0.0000,1.0
2008-01-16,49.08,49.28,46.77,46.87,19.8903566147,415800,0.0000,1.0
2008-01-15,50.54,51.19,49.03,49.38,20.955532529,254500,0.0000,1.0
2008-01-14,50.69,51.93,50.54,51.26,21.7533535325,202600,0.0000,1.0
2008-01-11,52.25,52.99,49.94,50.25,21.3247369295,199900,0.0000,1.0
2008-01-10,51.63,53.56,50.93,52.94,22.4662999612,190500,0.0000,1.0
2008-01-09,50.74,52.18,50.56,52.11,22.1140704756,196400,0.0000,1.0
2008-01-08,53.16,54.1,50.88,50.9,21.6005792978,207100,0.0000,1.0
2008-01-07,53.25,54.38,52.49,53.13,22.5469308073,174600,0.0000,1.0
2008-01-04,54.37,54.55,52.8,52.97,22.4790311474,131500,0.0000,1.0
2008-01-03,56.12,56.53,54.82,55.04,23.357482997,219500,0.0000,1.0
2008-01-02,57.67,58.17,55.42,55.8,23.6800063814,175300,0.0000,1.0
2007-12-31,58.83,59.27,57.67,57.96,24.5966517898,194300,0.0000,1.0
2007-12-28,59.33,59.95,58.42,59.17,25.1101429676,81200,0.0000,1.0
2007-12-27,60.8,60.8,58.21,58.55,24.8470317855,128600,0.0000,1.0
2007-12-26,58.55,61.44,58.55,60.9,25.84430804,155600,0.0000,1.0
2007-12-24,59.45,61.58,59.24,60.3,25.5896843154,104100,0.0000,1.0
2007-12-21,59.68,59.92,58.28,59.29,25.1610677125,629000,0.0000,1.0
2007-12-20,57.0,58.78,55.78,58.7,24.9106877167,294500,0.0000,1.0
2007-12-19,53.96,57.27,53.42,55.98,23.7563934988,427600,0.1825,1.0
2007-12-18,52.03,52.51,50.71,51.97,21.9829916783,223000,0.0000,1.0
2007-12-17,52.17,52.75,51.05,51.05,21.5938373134,142500,0.0000,1.0
2007-12-14,54.5,54.5,52.24,52.52,22.2156383095,143600,0.0000,1.0
2007-12-13,53.34,55.24,52.71,55.16,23.3323421392,133700,0.0000,1.0
2007-12-12,53.95,55.25,53.3,53.85,22.7782201631,170700,0.0000,1.0
2007-12-11,55.42,55.42,52.65,52.66,22.274857452,154200,0.0000,1.0
2007-12-10,54.25,55.75,54.07,55.18,23.3408020167,107600,0.0000,1.0
2007-12-07,54.31,54.45,53.56,54.32,22.9770272843,96400,0.0000,1.0
2007-12-06,52.76,54.66,52.33,54.08,22.8755087543,199700,0.0000,1.0
2007-12-05,52.19,53.1,51.89,52.91,22.3806059207,170000,0.0000,1.0
2007-12-04,51.36,51.8,50.27,51.26,21.6826660271,136200,0.0000,1.0
2007-12-03,52.54,53.07,51.9,51.91,21.9576120458,113400,0.0000,1.0
2007-11-30,54.12,54.68,52.1,52.8,22.3340765945,230400,0.0000,1.0
2007-11-29,55.16,55.23,53.48,53.68,22.7063112044,254700,0.0000,1.0
2007-11-28,52.0,55.69,51.88,55.51,23.4803899954,268800,0.0000,1.0
2007-11-27,50.66,51.9,49.87,51.38,21.7334252921,126800,0.0000,1.0
2007-11-26,50.5,51.38,50.05,50.46,21.3442709272,161900,0.0000,1.0
2007-11-23,50.05,50.87,49.19,50.48,21.3527308047,56300,0.0000,1.0
2007-11-21,49.1,50.39,49.1,49.55,20.9593465011,118900,0.0000,1.0
2007-11-20,49.37,50.06,48.53,49.51,20.9424267461,191300,0.0000,1.0
2007-11-19,49.94,50.19,49.09,49.45,20.9170471136,368300,0.0000,1.0
2007-11-16,50.9,51.04,49.66,50.37,21.3062014785,177200,0.0000,1.0
2007-11-15,50.8,51.35,50.23,50.77,21.4753990284,135800,0.0000,1.0
2007-11-14,52.52,52.52,50.6,50.96,21.5557678647,147900,0.0000,1.0
2007-11-13,51.18,52.5,50.73,52.35,22.1437293508,116200,0.0000,1.0
2007-11-12,51.0,52.0,50.1663,50.73,21.4584792734,109000,0.0000,1.0
2007-11-09,51.45,52.08,50.66,51.29,21.6953558434,210700,0.0000,1.0
2007-11-08,51.84,52.38,50.85,52.15,22.0591305758,144700,0.0000,1.0
2007-11-07,51.88,52.11,50.85,51.39,21.7376552309,162500,0.0000,1.0
2007-11-06,52.03,52.77,51.09,52.69,22.2875472682,123000,0.0000,1.0
2007-11-05,52.32,52.68,51.4,52.03,22.0083713108,106200,0.0000,1.0
2007-11-02,53.23,53.48,52.02,53.09,22.4567448182,129400,0.0000,1.0
2007-11-01,52.7,53.49,51.12,52.7,22.291777207,245600,0.0000,1.0
2007-10-31,53.13,54.08,52.26,53.5,22.6301723069,228700,0.0000,1.0
2007-10-30,53.89,53.9,52.94,53.04,22.4355951244,105200,0.0000,1.0
2007-10-29,54.68,54.87,53.61,54.15,22.9051183256,105800,0.0000,1.0
2007-10-26,54.22,54.99,53.5,54.56,23.0785458143,143500,0.0000,1.0
2007-10-25,53.29,54.0,52.32,53.46,22.6132525519,211600,0.0000,1.0
2007-10-24,52.13,53.36,51.55,53.11,22.4652046957,133400,0.0000,1.0
2007-10-23,52.85,52.85,51.35,52.6,22.2494778195,120000,0.0000,1.0
2007-10-22,50.35,52.51,50.0,52.21,22.0845102083,120000,0.0000,1.0
2007-10-19,53.53,53.69,50.84,50.97,21.5599978034,164900,0.0000,1.0
2007-10-18,52.94,53.86,52.29,53.53,22.6428621231,73500,0.0000,1.0
2007-10-17,53.71,53.94,52.12,53.26,22.5286537769,96000,0.0000,1.0
2007-10-16,53.02,53.84,52.59,52.96,22.4017556145,75100,0.0000,1.0
2007-10-15,53.53,54.23,52.42,52.97,22.4059855532,117400,0.0000,1.0
2007-10-12,54.32,54.85,53.42,53.61,22.6767016331,147100,0.0000,1.0
2007-10-11,55.39,56.32,53.32,54.15,22.9051183256,170600,0.0000,1.0
2007-10-10,55.0,55.43,54.8,55.25,23.370411588,142000,0.0000,1.0
2007-10-09,54.97,55.28,54.03,55.2,23.3492618942,169000,0.0000,1.0
2007-10-08,53.77,55.83,53.63,54.71,23.1419948955,215100,0.0000,1.0
2007-10-05,52.32,54.03,52.05,53.99,22.8374393056,297700,0.0000,1.0
2007-10-04,53.14,54.04,52.5,52.64,22.2663975745,146400,0.0000,1.0
2007-10-03,53.93,54.29,52.46,52.91,22.3806059207,146400,0.0000,1.0
2007-10-02,53.97,54.67,53.56,54.18,22.9178081418,161400,0.0000,1.0
2007-10-01,52.92,54.69,52.44,54.32,22.9770272843,332000,0.0000,1.0
2007-09-28,50.86,51.39,49.93,50.21,21.2385224585,164700,0.0000,1.0
2007-09-27,51.41,51.62,50.19,50.93,21.5430780484,149600,0.0000,1.0
2007-09-26,50.16,51.63,49.96,51.13,21.6276768234,198200,0.0000,1.0
2007-09-25,49.38,50.1,48.99,49.73,21.0354853985,218700,0.0000,1.0
2007-09-24,50.64,51.17,48.96,49.7,21.0227955823,246500,0.0000,1.0
2007-09-21,50.44,51.23,49.8,50.95,21.5515379259,405100,0.0000,1.0
2007-09-20,50.53,50.88,49.36,49.97,21.1370039285,180600,0.0000,1.0
2007-09-19,51.0,51.99,50.32,50.68,21.4373295797,259400,0.0000,1.0
2007-09-18,47.4,50.62,47.32,50.58,21.3950301922,263700,0.0000,1.0
2007-09-17,48.07,48.11,46.89,47.06,19.9060917526,349300,0.0000,1.0
2007-09-14,47.7,48.24,47.25,48.11,20.3502353212,185200,0.0000,1.0
2007-09-13,48.42,48.76,47.55,48.15,20.3671550762,152800,0.0000,1.0
2007-09-12,48.53,48.83,47.59,48.06,20.3290856275,222300,0.0000,1.0
2007-09-11,48.02,48.83,47.34,48.66,20.5828819524,128500,0.0000,1.0
2007-09-10,48.23,48.83,47.3,47.79,20.2148772812,151300,0.0000,1.0
2007-09-07,49.22,50.68,47.86,48.21,20.3925347087,141200,0.0000,1.0
2007-09-06,50.0,50.3,49.2,50.04,21.1666134998,143700,0.0000,1.0
2007-09-05,49.66,50.13,49.45,49.9,21.1073943573,151600,0.0000,1.0
2007-09-04,50.16,50.84,49.96,50.1,21.1919931323,156500,0.0000,1.0
2007-08-31,50.42,50.74,49.77,50.21,21.2385224585,153600,0.0000,1.0
2007-08-30,49.29,50.44,48.85,49.7,21.0227955823,226700,0.1750,1.0
2007-08-29,48.42,49.85,48.08,49.8,20.9911823559,354400,0.0000,1.0
2007-08-28,48.61,49.06,48.1,48.18,20.3083366648,225600,0.0000,1.0
2007-08-27,50.12,50.12,49.0,49.14,20.7129859632,264700,0.0000,1.0
2007-08-24,49.98,52.0,49.23,50.09,21.1134201648,848700,0.0000,1.0
2007-08-23,48.8,48.8,46.28,46.87,19.7561589763,198600,0.0000,1.0
2007-08-22,48.29,48.8,47.72,48.71,20.5317367983,72900,0.0000,1.0
2007-08-21,48.21,48.67,47.62,47.76,20.1313025967,57800,0.0000,1.0
2007-08-20,47.96,48.5,47.36,48.4,20.4010687957,101500,0.0000,1.0
2007-08-17,48.87,49.29,47.08,47.76,20.1313025967,320200,0.0000,1.0
2007-08-16,45.82,49.01,45.61,47.2,19.8952571726,422600,0.0000,1.0
2007-08-15,45.91,48.1,45.81,45.87,19.3346492904,174000,0.0000,1.0
2007-08-14,47.27,47.7,45.78,46.1,19.4315965182,172300,0.0000,1.0
2007-08-13,50.54,51.5,47.06,47.29,19.9331930443,224600,0.0000,1.0
2007-08-10,49.93,52.47,49.13,49.87,21.0206880339,355900,0.0000,1.0
2007-08-09,49.61,52.18,47.75,50.77,21.4000467511,524600,0.0000,1.0
2007-08-08,48.71,52.5,48.64,51.5,21.7077488218,413100,0.0000,1.0
2007-08-07,47.01,48.61,46.15,48.31,20.3631329239,277200,0.0000,1.0
2007-08-06,45.01,47.29,44.63,47.2,19.8952571726,288000,0.0000,1.0
2007-08-03,47.06,47.06,45.06,45.36,19.1196793506,248700,0.0000,1.0
2007-08-02,46.85,47.46,46.28,47.09,19.8488911072,143200,0.0000,1.0
2007-08-01,45.56,47.104,44.82,46.69,19.6802872328,237100,0.0000,1.0
2007-07-31,46.07,47.5,45.41,45.76,19.288283225,336500,0.0000,1.0
2007-07-30,46.09,46.87,44.8,45.56,19.2039812878,512200,0.0000,1.0
2007-07-27,48.12,48.46,46.15,46.19,19.4695323899,287000,0.0000,1.0
2007-07-26,48.97,49.7,47.51,48.27,20.3462725365,332300,0.0000,1.0
2007-07-25,49.56,50.52,48.51,49.95,21.0544088087,386200,0.0000,1.0
2007-07-24,49.43,49.65,48.89,49.11,20.7003406726,279500,0.0000,1.0
2007-07-23,50.0,50.53,49.36,50.06,21.1007748742,253800,0.0000,1.0
2007-07-20,50.51,50.51,49.44,50.24,21.1766466176,260800,0.0000,1.0
2007-07-19,50.33,50.91,50.12,50.62,21.3368202983,144300,0.0000,1.0
2007-07-18,50.19,51.07,49.27,50.06,21.1007748742,186600,0.0000,1.0
2007-07-17,50.1,51.03,50.1,50.53,21.2988844265,132500,0.0000,1.0
2007-07-16,50.74,50.74,49.86,50.09,21.1134201648,129600,0.0000,1.0
2007-07-13,51.16,51.26,50.64,50.99,21.492778882,56300,0.0000,1.0
2007-07-12,50.43,51.38,49.99,51.31,21.6276619815,142000,0.0000,1.0
2007-07-11,49.77,50.34,49.26,50.21,21.1640013271,122300,0.0000,1.0
2007-07-10,50.74,50.74,49.64,49.68,20.9406011936,201100,0.0000,1.0
2007-07-09,51.0,51.42,50.69,51.27,21.6108015941,100800,0.0000,1.0
2007-07-06,50.82,51.5,50.4,51.19,21.5770808192,105900,0.0000,1.0
2007-07-05,51.54,51.58,50.74,51.1,21.5391449475,114900,0.0000,1.0
2007-07-03,51.65,51.89,51.21,51.6,21.7498997904,57500,0.0000,1.0
2007-07-02,50.62,51.72,50.15,51.62,21.7583299841,153800,0.0000,1.0
2007-06-29,50.66,51.36,50.14,50.16,21.1429258428,219900,0.0000,1.0
2007-06-28,50.25,51.23,50.04,50.45,21.2651636517,195500,0.0000,1.0
2007-06-27,48.8,50.16,48.35,50.14,21.134495649,251900,0.0000,1.0
2007-06-26,49.03,49.45,48.476,49.07,20.6834802852,167000,0.0000,1.0
2007-06-25,49.31,49.69,48.33,48.85,20.5907481543,260500,0.0000,1.0
2007-06-22,49.85,49.98,49.26,49.46,20.8478690627,475100,0.0000,1.0
2007-06-21,49.1,50.19,48.63,50.08,21.1092050679,209100,0.0000,1.0
2007-06-20,50.4,50.69,49.31,49.31,20.7846426098,154400,0.0000,1.0
2007-06-19,50.61,50.8,49.91,50.5,21.286239136,170200,0.0000,1.0
2007-06-18,50.95,51.12,50.53,50.81,21.4169071386,152600,0.0000,1.0
2007-06-15,50.99,51.83,50.63,50.91,21.4590581072,350400,0.0000,1.0
2007-06-14,50.21,51.31,50.02,50.37,21.2314428768,177000,0.0000,1.0
2007-06-13,49.56,50.2075,49.11,50.03,21.0881295836,311200,0.0000,1.0
2007-06-12,49.67,50.27,49.095,49.45,20.8436539658,281700,0.0000,1.0
2007-06-11,49.7,50.14,48.79,49.97,21.0628390025,332500,0.0000,1.0
2007-06-08,49.02,49.94,48.59,49.87,21.0206880339,204600,0.0000,1.0
2007-06-07,50.17,50.49,49.05,49.15,20.71720106,292300,0.0000,1.0
2007-06-06,51.23,51.23,50.25,50.52,21.2946693297,188800,0.0000,1.0
2007-06-05,52.13,52.14,50.66,51.49,21.703533725,187400,0.0000,1.0
2007-06-04,52.27,52.64,51.81,52.49,22.1250434108,257200,0.0000,1.0
2007-06-01,52.05,52.84,51.52,52.3,22.0449565705,157800,0.1750,1.0
2007-05-31,52.8,52.94,51.661,51.99,21.8412061382,274200,0.0000,1.0
2007-05-30,52.92,53.22,51.41,52.74,22.1562841263,375100,0.0000,1.0
2007-05-29,53.43,54.45,52.97,53.68,22.5511818715,447200,0.0000,1.0
2007-05-25,49.6,54.28,49.6,53.53,22.4881662738,932200,0.0000,1.0
2007-05-24,47.38,48.11,46.94,47.37,19.9003257312,306100,0.0000,1.0
2007-05-23,47.76,48.27,47.43,47.63,20.0095527671,108300,0.0000,1.0
2007-05-22,47.59,47.82,47.0,47.62,20.0053517273,125000,0.0000,1.0
2007-05-21,46.24,47.45,46.1601,47.37,19.9003257312,356000,0.0000,1.0
2007-05-18,46.5,46.88,46.22,46.36,19.4760207072,186900,0.0000,1.0
2007-05-17,46.93,47.05,46.03,46.36,19.4760207072,113200,0.0000,1.0
2007-05-16,46.98,47.02,46.04,46.93,19.7154799782,148100,0.0000,1.0
2007-05-15,47.15,48.19,46.66,46.74,19.6356602212,314700,0.0000,1.0
2007-05-14,47.56,48.02,47.17,47.34,19.8877226117,135616,0.0000,1.0
2007-05-11,47.33,47.99,47.14,47.64,20.0137538069,107190,0.0000,1.0
2007-05-10,47.65,48.38,46.83,47.22,19.8373101336,448200,0.0000,1.0
2007-05-09,44.52,48.27,44.33,47.76,20.064166285,486300,0.0000,1.0
2007-05-08,46.42,46.44,45.1,45.48,19.1063292011,105100,0.0000,1.0
2007-05-07,46.42,46.81,46.06,46.44,19.5096290259,126200,0.0000,1.0
2007-05-04,46.26,46.32,45.72,46.32,19.4592165478,103300,0.0000,1.0
2007-05-03,46.13,46.31,45.37,46.07,19.3541905518,285200,0.0000,1.0
2007-05-02,45.43,46.22,45.24,46.14,19.3835978306,147100,0.0000,1.0
2007-05-01,45.9,46.05,44.75,45.31,19.0349115238,200300,0.0000,1.0
2007-04-30,47.25,47.25,45.79,45.83,19.2533655955,219900,0.0000,1.0
2007-04-27,47.25,47.4,46.9,47.06,19.7700934961,102500,0.0000,1.0
2007-04-26,46.98,47.48,46.63,47.37,19.9003257312,130500,0.0000,1.0
2007-04-25,47.14,47.71,46.72,47.08,19.7784955758,154000,0.0000,1.0
2007-04-24,47.22,47.22,46.67,46.92,19.7112789383,115300,0.0000,1.0
2007-04-23,47.36,47.68,46.76,47.06,19.7700934961,113100,0.0000,1.0
2007-04-20,47.13,47.88,47.01,47.52,19.9633413288,139000,0.0000,1.0
2007-04-19,46.42,46.86,46.11,46.77,19.6482633407,338200,0.0000,1.0
2007-04-18,46.38,46.87,45.91,46.6,19.5768456634,190000,0.0000,1.0
2007-04-17,46.74,46.74,46.25,46.54,19.5516394243,189600,0.0000,1.0
2007-04-16,45.6,46.85,45.48,46.84,19.6776706196,107800,0.0000,1.0
2007-04-13,45.56,45.77,44.99,45.5,19.1147312808,269000,0.0000,1.0
2007-04-12,45.01,45.57,44.76,45.47,19.1021281612,320000,0.0000,1.0
2007-04-11,45.17,45.29,44.67,45.01,18.9088803285,282900,0.0000,1.0
2007-04-10,45.73,46.12,45.33,45.55,19.13573648,211300,0.0000,1.0
2007-04-09,45.92,46.05,45.5,45.85,19.2617676752,166600,0.0000,1.0
2007-04-05,45.94,46.53,45.84,45.94,19.2995770338,114200,0.0000,1.0
2007-04-04,46.96,46.98,45.91,46.05,19.3457884721,145900,0.0000,1.0
2007-04-03,46.91,47.29,46.61,46.88,19.6944747789,170000,0.0000,1.0
2007-04-02,46.55,47.09,46.2,46.74,19.6356602212,122400,0.0000,1.0
2007-03-30,46.48,46.84,45.79,46.46,19.5180311056,191200,0.0000,1.0
2007-03-29,46.64,46.76,45.81,46.44,19.5096290259,97300,0.0000,1.0
2007-03-28,45.97,46.58,45.78,46.24,19.4256082291,216300,0.0000,1.0
2007-03-27,46.34,47.0,45.95,46.21,19.4130051095,267100,0.0000,1.0
2007-03-26,46.59,46.7,46.01,46.54,19.5516394243,149600,0.0000,1.0
2007-03-23,46.68,47.17,46.52,46.63,19.5894487829,153300,0.0000,1.0
2007-03-22,46.85,47.09,46.28,46.65,19.5978508626,206800,0.0000,1.0
2007-03-21,45.55,46.71,45.04,46.63,19.5894487829,197700,0.0000,1.0
2007-03-20,45.56,45.76,45.28,45.53,19.1273344003,190400,0.0000,1.0
2007-03-19,45.02,45.74,44.91,45.53,19.1273344003,208700,0.0000,1.0
2007-03-16,45.54,45.61,44.56,44.91,18.8668699301,319800,0.0000,1.0
2007-03-15,45.6,46.37,45.17,45.55,19.13573648,249600,0.0000,1.0
2007-03-14,45.62,46.1,44.7,45.55,19.13573648,296500,0.0000,1.0
2007-03-13,46.65,46.88,45.36,45.5,19.1147312808,287400,0.0000,1.0
2007-03-12,46.83,47.25,46.34,47.11,19.7910986953,249000,0.0000,1.0
2007-03-09,47.09,47.09,46.07,46.8,19.6608664602,164500,0.0000,1.0
2007-03-08,47.25,48.01,46.46,46.83,19.6734695797,288300,0.0000,1.0
2007-03-07,47.22,47.8499,46.77,47.0,19.7448872571,403000,0.0000,1.0
2007-03-06,45.29,46.4,44.56,46.06,19.3499895119,453500,0.0000,1.0
2007-03-05,46.02,46.57,44.39,44.57,18.7240345755,525100,0.0000,1.0
2007-03-02,47.6,47.6,46.31,46.61,19.5810467032,469800,0.1750,1.0
2007-03-01,48.56,49.05,47.17,48.23,20.1858262797,270200,0.0000,1.0
2007-02-28,51.04,51.04,48.0,48.78,20.4160191981,498800,0.0000,1.0
2007-02-27,55.21,55.21,52.2,52.27,21.8766978984,194900,0.0000,1.0
2007-02-26,56.25,56.28,55.06,55.57,23.2578554087,185700,0.0000,1.0
2007-02-23,55.73,56.17,54.92,55.87,23.3834151824,103600,0.0000,1.0
2007-02-22,56.5,57.16,55.0,55.83,23.3666738792,203300,0.0000,1.0
2007-02-21,56.11,57.65,56.05,57.14,23.9149515576,146700,0.0000,1.0
2007-02-20,55.57,56.36,54.88,56.3,23.5633841913,104800,0.0000,1.0
2007-02-16,55.17,55.89,54.63,55.73,23.3248206214,226100,0.0000,1.0
2007-02-15,54.79,55.39,54.61,55.17,23.0904423772,126300,0.0000,1.0
2007-02-14,53.54,55.06,53.54,54.89,22.9732532551,219800,0.0000,1.0
2007-02-13,53.41,53.75,53.08,53.59,22.4291609025,140100,0.0000,1.0
2007-02-12,52.2,55.0,52.2,53.21,22.2701185226,252600,0.0000,1.0
2007-02-09,53.26,53.41,52.07,52.34,21.9059951789,179700,0.0000,1.0
2007-02-08,53.44,54.16,53.44,54.14,22.6593538209,120900,0.0000,1.0
2007-02-07,53.38,53.61,52.85,53.6,22.4333462283,90100,0.0000,1.0
2007-02-06,52.59,53.54,52.29,53.19,22.261747871,127700,0.0000,1.0
2007-02-05,53.17,53.17,51.93,52.38,21.9227364821,136500,0.0000,1.0
2007-02-02,52.79,53.37,52.75,53.17,22.2533772194,70300,0.0000,1.0
2007-02-01,51.93,53.01,51.85,52.86,22.12363212,96600,0.0000,1.0
2007-01-31,51.39,51.95,50.9,51.72,21.64650498,164600,0.0000,1.0
2007-01-30,50.61,51.69,50.57,51.6,21.5962810706,145200,0.0000,1.0
2007-01-29,51.09,51.2,49.9,50.48,21.1275245822,138800,0.0000,1.0
2007-01-26,50.17,51.12,49.77,51.01,21.349346849,128200,0.0000,1.0
2007-01-25,51.85,51.99,50.03,50.14,20.9852235054,137700,0.0000,1.0
2007-01-24,51.48,52.1,51.25,52.0,21.7636941021,109600,0.0000,1.0
2007-01-23,50.33,51.78,50.22,51.5,21.5544278127,115600,0.0000,1.0
2007-01-22,51.54,51.54,50.36,50.38,21.0856713243,149900,0.0000,1.0
2007-01-19,49.71,51.49,49.7,51.47,21.5418718353,157100,0.0000,1.0
2007-01-18,50.95,51.06,49.84,49.91,20.8889610122,100200,0.0000,1.0
2007-01-17,50.47,51.23,50.22,51.0,21.3451615232,169700,0.0000,1.0
2007-01-16,50.72,51.49,50.03,50.44,21.110783279,168100,0.0000,1.0
2007-01-12,50.0,50.81,50.0,50.81,21.2656403332,101200,0.0000,1.0
2007-01-11,49.86,50.75,49.73,50.12,20.9768528538,158900,0.0000,1.0
2007-01-10,48.97,49.875,48.9,49.69,20.7968838449,181700,0.0000,1.0
2007-01-09,49.67,49.75,48.79,49.4,20.675509397,190900,0.0000,1.0
2007-01-08,49.92,50.1,48.85,49.46,20.7006213517,208700,0.0000,1.0
2007-01-05,50.24,50.24,49.58,49.81,20.8471077543,275200,0.0000,1.0
2007-01-04,50.7,50.84,49.61,50.66,21.2028604464,266900,0.0000,1.0
2007-01-03,50.54,51.27,49.8,50.48,21.1275245822,228900,0.0000,1.0
2006-12-29,50.49,50.8,49.77,49.83,20.8554784059,127600,0.0000,1.0
2006-12-28,50.78,51.0,50.19,50.22,21.0187061117,185600,0.0000,1.0
2006-12-27,50.43,51.04,50.37,50.97,21.3326055459,133500,0.0000,1.0
2006-12-26,48.3,50.41,48.3,50.33,21.0647446954,229700,0.0000,1.0
2006-12-22,48.75,49.1,48.13,48.44,20.2737181213,285900,0.0000,1.0
2006-12-21,49.96,50.54,48.5,48.8,20.4243898497,350200,0.0000,1.0
2006-12-20,47.99,50.6,47.76,49.52,20.7257333065,523000,0.0000,1.0
2006-12-19,47.9,47.9,46.6,47.69,19.9598186871,185100,0.0000,1.0
2006-12-18,48.3,48.9,47.79,48.03,20.1021197639,147200,0.0000,1.0
2006-12-15,48.29,48.37,47.67,47.93,20.060266506,341600,0.1750,1.0
2006-12-14,48.07,48.87,48.07,48.26,20.1249030575,125900,0.0000,1.0
2006-12-13,47.9,48.17,47.48,47.9,19.9747794541,164700,0.0000,1.0
2006-12-12,47.9,47.95,47.2299,47.8,19.9330784532,104200,0.0000,1.0
2006-12-11,48.2,48.2,47.68,47.86,19.9580990537,64100,0.0000,1.0
2006-12-08,47.9,48.82,47.75,48.18,20.0915422568,150600,0.0000,1.0
2006-12-07,48.76,48.93,48.19,48.29,20.1374133578,88300,0.0000,1.0
2006-12-06,49.0,49.24,48.582,48.59,20.2625163606,133400,0.0000,1.0
2006-12-05,49.42,49.57,48.97,49.16,20.500212066,101400,0.0000,1.0
2006-12-04,47.85,49.33,47.85,49.16,20.500212066,115100,0.0000,1.0
2006-12-01,48.22,48.79,47.07,47.8,19.9330784532,152300,0.0000,1.0
2006-11-30,48.36,48.94,47.85,48.29,20.1374133578,215300,0.0000,1.0
2006-11-29,48.36,48.92,48.02,48.53,20.2374957601,215000,0.0000,1.0
2006-11-28,47.34,48.19,47.25,48.03,20.0289907553,154300,0.0000,1.0
2006-11-27,48.57,48.86,47.29,47.37,19.7537641491,144700,0.0000,1.0
2006-11-24,48.42,49.12,48.36,48.96,20.4168100641,31600,0.0000,1.0
2006-11-22,48.44,49.1,48.44,48.54,20.2416658602,106900,0.0000,1.0
2006-11-21,48.81,48.81,47.96,48.49,20.2208153597,165700,0.0000,1.0
2006-11-20,48.49,49.47,48.45,49.01,20.4376605646,224200,0.0000,1.0
2006-11-17,47.92,48.75,47.25,48.6,20.2666864607,209300,0.0000,1.0
2006-11-16,48.64,48.71,47.76,47.82,19.9414186533,111700,0.0000,1.0
2006-11-15,47.44,48.39,47.44,48.26,20.1249030575,148200,0.0000,1.0
2006-11-14,46.49,47.51,46.03,47.44,19.7829548497,124600,0.0000,1.0
2006-11-13,45.16,46.34,45.15,46.24,19.2825428384,129300,0.0000,1.0
2006-11-10,44.34,45.31,44.34,45.31,18.8947235295,54500,0.0000,1.0
2006-11-09,45.19,45.29,43.98,44.2,18.431842419,70500,0.0000,1.0
2006-11-08,44.13,45.3,43.95,45.11,18.8113215276,54000,0.0000,1.0
2006-11-07,43.97,44.76,43.57,44.48,18.5486052217,230200,0.0000,1.0
2006-11-06,43.94,44.44,43.86,44.07,18.3776311178,299100,0.0000,1.0
2006-11-03,44.74,45.29,43.68,43.71,18.2275075144,190000,0.0000,1.0
2006-11-02,44.3,44.86,43.89,44.35,18.4943939204,78000,0.0000,1.0
2006-11-01,46.26,46.27,44.77,44.77,18.6695381244,149100,0.0000,1.0
2006-10-31,46.44,47.06,45.44,46.05,19.2033109366,101700,0.0000,1.0
2006-10-30,45.36,46.39,45.04,46.23,19.2783727383,72500,0.0000,1.0
2006-10-27,46.54,46.78,45.51,45.64,19.0323368327,83300,0.0000,1.0
2006-10-26,45.69,46.57,45.19,46.57,19.4201561415,116700,0.0000,1.0
2006-10-25,44.82,45.44,44.56,45.29,18.8863833294,90700,0.0000,1.0
2006-10-24,44.9,45.02,44.07,44.94,18.740429826,121300,0.0000,1.0
2006-10-23,44.76,45.77,44.53,45.2,18.8488524285,141500,0.0000,1.0
2006-10-20,46.38,46.38,44.8301,45.13,18.8196617278,97500,0.0000,1.0
2006-10-19,44.92,46.12,44.92,46.12,19.2325016372,121500,0.0000,1.0
2006-10-18,45.84,46.38,44.75,44.97,18.7529401263,133200,0.0000,1.0
2006-10-17,45.91,45.94,45.45,45.62,19.0239966325,124300,0.0000,1.0
2006-10-16,46.04,46.97,45.52,46.4,19.3492644399,162100,0.0000,1.0
2006-10-13,45.12,46.44,44.66,46.14,19.2408418374,344300,0.0000,1.0
2006-10-12,43.72,44.95,43.41,44.92,18.7320896258,111500,0.0000,1.0
2006-10-11,43.13,43.71,42.78,43.39,18.0940643113,113900,0.0000,1.0
2006-10-10,42.71,43.57,42.1,43.35,18.077383911,150100,0.0000,1.0
2006-10-09,42.12,43.5,42.05,43.08,17.9647912084,163000,0.0000,1.0
2006-10-06,42.08,42.52,41.5,42.23,17.6103327003,230600,0.0000,1.0
2006-10-05,41.25,41.97,40.84,41.8,17.4310183963,128200,0.0000,1.0
2006-10-04,39.8,41.49,39.64,41.32,17.2308535917,137900,0.0000,1.0
2006-10-03,39.88,40.58,39.49,40.02,16.6887405794,146800,0.0000,1.0
2006-10-02,39.72,40.27,39.5,39.89,16.6345292782,131400,0.0000,1.0
2006-09-29,40.59,40.96,39.774,39.86,16.6220189779,179700,0.0000,1.0
2006-09-28,40.76,41.57,39.79,40.46,16.8722249836,177000,0.0000,1.0
2006-09-27,39.85,40.64,39.57,40.52,16.8972455841,112400,0.0000,1.0
2006-09-26,40.29,40.53,39.91,40.1,16.7221013802,143600,0.0000,1.0
2006-09-25,39.85,40.49,39.42,40.19,16.759632281,170300,0.0000,1.0
2006-09-22,39.38,39.92,39.03,39.66,16.538616976,278700,0.0000,1.0
2006-09-21,40.26,40.36,39.38,39.49,16.4677252744,215300,0.0000,1.0
2006-09-20,40.3,40.54,39.67,39.94,16.6553797786,224100,0.0000,1.0
2006-09-19,40.09,40.2,39.54,39.83,16.6095086776,266400,0.0000,1.0
2006-09-18,39.9,40.43,39.58,39.91,16.6428694784,216800,0.0000,1.0
2006-09-15,39.94,40.89,39.61,39.75,16.5761478768,274600,0.0000,1.0
2006-09-14,39.57,39.83,39.1,39.64,16.5302767758,105400,0.0000,1.0
2006-09-13,39.41,39.88,39.05,39.65,16.5344468759,191800,0.0000,1.0
2006-09-12,39.13,39.75,39.12,39.35,16.409343873,269600,0.0000,1.0
2006-09-11,38.89,39.3,38.82,38.99,16.2592202696,238800,0.0000,1.0
2006-09-08,39.03,39.31,38.84,39.03,16.27590067,128500,0.0000,1.0
2006-09-07,39.19,39.32,38.7,38.82,16.188328568,250800,0.0000,1.0
2006-09-06,39.69,40.02,39.33,39.33,16.4010036729,264600,0.0000,1.0
2006-09-05,40.13,40.42,39.64,40.05,16.7012508797,483600,0.0000,1.0
2006-09-01,39.95,40.5,39.9,40.0,16.6804003792,172500,0.1700,1.0
2006-08-31,40.2,40.53,39.93,40.04,16.626418501,249000,0.0000,1.0
2006-08-30,40.16,40.66,39.85,39.98,16.6015037879,180800,0.0000,1.0
2006-08-29,40.21,40.96,39.72,39.96,16.5931988836,278400,0.0000,1.0
2006-08-28,39.99,40.2,39.66,39.97,16.5973513357,308200,0.0000,1.0
2006-08-25,41.28,41.59,39.89,40.22,16.7011626401,297400,0.0000,1.0
2006-08-24,41.17,42.98,40.2,41.57,17.2617436834,898600,0.0000,1.0
2006-08-23,45.83,45.83,43.2,43.35,18.0008801702,158800,0.0000,1.0
2006-08-22,45.73,45.75,44.92,45.0,18.6860347788,583200,0.0000,1.0
2006-08-21,46.13,46.33,45.53,45.57,18.9227245527,137200,0.0000,1.0
2006-08-18,46.16,46.85,45.52,46.48,19.3005977004,106200,0.0000,1.0
2006-08-17,44.39,46.23,44.39,45.93,19.0722128309,167400,0.0000,1.0
2006-08-16,43.96,44.74,43.52,44.68,18.5531563093,68200,0.0000,1.0
2006-08-15,43.79,44.41,42.76,43.93,18.2417223963,151000,0.0000,1.0
2006-08-14,43.43,44.58,43.04,43.05,17.876306605,84600,0.0000,1.0
2006-08-11,43.25,43.28,42.73,43.08,17.8887639616,58800,0.0000,1.0
2006-08-10,42.63,43.39,42.26,43.18,17.9302884833,130600,0.0000,1.0
2006-08-09,44.46,45.19,42.89,42.95,17.8347820833,112200,0.0000,1.0
2006-08-08,46.05,46.15,43.82,44.01,18.2749420137,144300,0.0000,1.0
2006-08-07,45.7,46.24,45.0,45.76,19.0016211439,79500,0.0000,1.0
2006-08-04,46.74,48.35,45.53,46.14,19.1594143265,133600,0.0000,1.0
2006-08-03,44.49,46.66,44.49,46.36,19.2507682743,106600,0.0000,1.0
2006-08-02,44.59,45.32,44.27,44.89,18.6403578049,56500,0.0000,1.0
2006-08-01,45.08,45.4,43.89,44.27,18.3829057702,83600,0.0000,1.0
2006-07-31,44.45,45.69,44.43,45.5,18.8936573874,110200,0.0000,1.0
2006-07-28,44.08,45.7,43.71,45.24,18.785693631,103100,0.0000,1.0
2006-07-27,44.3,45.28,43.69,43.7,18.1462159963,106900,0.0000,1.0
2006-07-26,43.84,44.58,43.08,43.95,18.2500273006,165200,0.0000,1.0
2006-07-25,43.71,44.94,43.21,44.14,18.3289238919,162600,0.0000,1.0
2006-07-24,41.69,43.98,41.69,43.54,18.0797767615,175600,0.0000,1.0
2006-07-21,41.91,41.91,40.92,41.02,17.0333588139,182100,0.0000,1.0
2006-07-20,43.74,44.03,41.93,42.1,17.4818236486,145500,0.0000,1.0
2006-07-19,41.65,43.71,41.6,43.59,18.1005390224,235300,0.0000,1.0
2006-07-18,42.0,42.7,40.8,41.79,17.3530976312,111200,0.0000,1.0
2006-07-17,42.45,42.99,41.67,41.83,17.3697074399,167600,0.0000,1.0
2006-07-14,43.31,43.31,41.58,42.45,17.6271594747,180200,0.0000,1.0
2006-07-13,45.18,45.21,43.09,43.25,17.9593556485,232700,0.0000,1.0
2006-07-12,47.07,47.47,45.19,45.28,18.8023034396,124900,0.0000,1.0
2006-07-11,46.37,47.31,45.93,47.26,19.6244889699,99300,0.0000,1.0
2006-07-10,46.67,47.45,46.21,46.56,19.3338173178,96000,0.0000,1.0
2006-07-07,47.35,47.64,46.29,46.43,19.2798354395,104100,0.0000,1.0
2006-07-06,47.46,48.54,47.46,47.59,19.7615198916,105000,0.0000,1.0
2006-07-05,49.0,49.08,46.68,46.94,19.4916105004,221400,0.0000,1.0
2006-07-03,48.83,49.3,48.7,49.3,20.4715892132,46900,0.0000,1.0
2006-06-30,48.78,49.5,48.78,49.18,20.4217597871,532700,0.0000,1.0
2006-06-29,46.2,48.72,46.2,48.7,20.2224420828,168000,0.0000,1.0
2006-06-28,45.89,46.19,45.0,45.8,19.0182309526,141100,0.0000,1.0
2006-06-27,46.82,47.67,45.59,45.64,18.9517917179,125200,0.0000,1.0
2006-06-26,46.47,47.14,46.3,46.94,19.4916105004,103800,0.0000,1.0
2006-06-23,45.68,46.99,44.84,46.26,19.2092437526,144700,0.0000,1.0
2006-06-22,47.0,47.0,45.76,45.84,19.0348407613,171100,0.0000,1.0
2006-06-21,45.78,47.64,45.78,47.3,19.6410987786,117500,0.0000,1.0
2006-06-20,46.08,46.34,45.58,45.84,19.0348407613,171400,0.0000,1.0
2006-06-19,47.33,47.67,46.25,46.25,19.2050913004,128100,0.0000,1.0
2006-06-16,47.61,47.89,46.95,47.35,19.6618610395,385700,0.0000,1.0
2006-06-15,46.08,47.76,46.08,47.64,19.7822821525,209900,0.0000,1.0
2006-06-14,46.84,46.84,45.57,45.8,19.0182309526,271600,0.0000,1.0
2006-06-13,47.09,48.33,46.24,46.67,19.3794942917,229900,0.0000,1.0
2006-06-12,47.44,48.18,47.3,47.31,19.6452512308,330900,0.0000,1.0
2006-06-09,47.46,47.91,47.2,47.78,19.8404164829,206100,0.0000,1.0
2006-06-08,47.06,47.73,46.2,47.46,19.7075380134,184200,0.0000,1.0
2006-06-07,47.18,47.92,46.54,47.27,19.6286414221,240700,0.0000,1.0
2006-06-06,47.58,47.98,46.61,47.19,19.5954218047,182000,0.0000,1.0
2006-06-05,48.81,49.32,47.64,47.69,19.8030444134,185400,0.0000,1.0
2006-06-02,47.5,49.71,47.48,49.15,20.4093024306,248000,0.1700,1.0
2006-06-01,46.61,48.39,46.29,48.36,20.0120410694,231400,0.0000,1.0
2006-05-31,47.72,48.04,46.36,46.65,19.3044192698,511500,0.0000,1.0
2006-05-30,50.55,50.55,47.51,47.52,19.6644373784,492600,0.0000,1.0
2006-05-26,52.69,53.76,50.54,51.15,21.1665819004,438200,0.0000,1.0
2006-05-25,53.89,54.35,52.7,54.35,22.4907864376,249400,0.0000,1.0
2006-05-24,52.83,53.62,51.28,53.04,21.9486902052,185300,0.0000,1.0
2006-05-23,53.53,53.96,52.4,52.65,21.7873027772,226200,0.0000,1.0
2006-05-22,52.87,53.61,52.25,53.22,22.0231767104,215600,0.0000,1.0
2006-05-19,54.5,54.9,52.69,53.58,22.1721497209,264400,0.0000,1.0
2006-05-18,55.52,55.54,54.47,54.68,22.6273450305,172300,0.0000,1.0
2006-05-17,55.25,56.39,54.61,55.27,22.8714952421,144700,0.0000,1.0
2006-05-16,55.81,56.46,55.24,56.01,23.1777175413,170700,0.0000,1.0
2006-05-15,55.0,55.78,54.76,55.45,22.9459817473,184500,0.0000,1.0
2006-05-12,56.13,56.67,54.89,55.06,22.7845943193,250000,0.0000,1.0
2006-05-11,56.67,57.34,55.89,56.51,23.3846245003,224600,0.0000,1.0
2006-05-10,56.89,57.48,56.17,56.72,23.471525423,154700,0.0000,1.0
2006-05-09,56.18,57.81,55.79,57.17,23.6577416861,147700,0.0000,1.0
2006-05-08,56.32,56.81,55.94,56.52,23.3887626395,94400,0.0000,1.0
2006-05-05,56.07,57.25,55.54,56.66,23.446696588,160300,0.0000,1.0
2006-05-04,54.28,56.07,54.28,55.66,23.0328826701,86700,0.0000,1.0
2006-05-03,54.27,54.72,53.81,54.5,22.5528585253,85700,0.0000,1.0
2006-05-02,53.41,54.78,52.79,53.99,22.3418134272,157900,0.0000,1.0
2006-05-01,53.72,53.97,52.71,53.1,21.9735190403,120700,0.0000,1.0
2006-04-28,52.1,53.64,51.94,53.45,22.1183539115,220400,0.0000,1.0
2006-04-27,52.49,53.41,51.14,52.1,21.5597051224,136000,0.0000,1.0
2006-04-26,52.95,53.19,52.22,52.99,21.9279995093,353400,0.0000,1.0
2006-04-25,51.73,52.75,51.22,52.63,21.7790264989,199100,0.0000,1.0
2006-04-24,52.86,52.86,51.36,51.82,21.4438372254,84300,0.0000,1.0
2006-04-21,53.08,53.15,51.98,52.75,21.828684169,195700,0.0000,1.0
2006-04-20,52.56,52.97,51.86,52.69,21.8038553339,220300,0.0000,1.0
2006-04-19,51.35,52.62,51.25,52.53,21.7376451071,265300,0.0000,1.0
2006-04-18,49.84,51.61,49.66,51.6,21.3527981634,135400,0.0000,1.0
2006-04-17,49.23,49.57,48.87,49.46,20.4672363791,119100,0.0000,1.0
2006-04-13,49.18,49.71,48.7,49.01,20.2810201161,118900,0.0000,1.0
2006-04-12,48.9,49.21,48.27,49.07,20.3058489511,106500,0.0000,1.0
2006-04-11,48.86,49.32,48.57,49.09,20.3141252295,153100,0.0000,1.0
2006-04-10,49.45,49.45,48.5,48.87,20.2230861676,231700,0.0000,1.0
2006-04-07,49.9,50.28,48.62,49.18,20.3513684821,90600,0.0000,1.0
2006-04-06,49.56,49.77,48.82,49.54,20.5003414926,122700,0.0000,1.0
2006-04-05,48.7,49.97,48.59,49.9,20.649314503,248000,0.0000,1.0
2006-04-04,49.25,49.25,48.53,48.95,20.256191281,328700,0.0000,1.0
2006-04-03,49.85,49.85,48.98,49.13,20.3306777862,89500,0.0000,1.0
2006-03-31,49.84,49.98,49.17,49.86,20.6327619463,155000,0.0000,1.0
2006-03-30,49.08,49.76,48.63,49.63,20.5375847452,123000,0.0000,1.0
2006-03-29,48.27,49.27,47.83,49.25,20.3803354564,285900,0.0000,1.0
2006-03-28,48.27,48.3,47.55,47.98,19.8547917806,156300,0.0000,1.0
2006-03-27,48.18,48.35,47.64,48.11,19.90858759,73600,0.0000,1.0
2006-03-24,48.3,48.4,47.91,48.36,20.0120410694,110800,0.0000,1.0
2006-03-23,48.08,48.27,47.55,48.23,19.9582452601,99000,0.0000,1.0
2006-03-22,47.44,48.3,47.1999,48.0,19.863068059,215900,0.0000,1.0
2006-03-21,48.47,48.84,47.37,47.37,19.6023652907,129500,0.0000,1.0
2006-03-20,48.5,48.78,48.14,48.71,20.1568759407,99200,0.0000,1.0
2006-03-17,48.8,48.83,48.07,48.72,20.1610140799,379500,0.0000,1.0
2006-03-16,48.51,48.98,48.13,48.81,20.1982573325,171600,0.0000,1.0
2006-03-15,48.23,48.26,47.74,48.15,19.9251401467,136400,0.0000,1.0
2006-03-14,47.24,48.09,46.88,48.09,19.9003113116,164600,0.0000,1.0
2006-03-13,47.48,47.57,47.24,47.43,19.6271941258,147000,0.0000,1.0
2006-03-10,47.26,47.68,46.83,47.6,19.6975424918,128400,0.0000,1.0
2006-03-09,47.81,48.22,46.87,47.35,19.5940890124,134000,0.0000,1.0
2006-03-08,47.73,48.5,47.5,47.82,19.7885815538,158000,0.0000,1.0
2006-03-07,48.94,49.17,47.862,47.96,19.8465155023,113700,0.0000,1.0
2006-03-06,48.97,49.75,48.66,49.18,20.3513684821,191000,0.0000,1.0
2006-03-03,49.93,49.93,48.69,49.1,20.3182633687,145100,0.1650,1.0
2006-03-02,49.53,50.25,49.08,50.0,20.6213979181,204300,0.0000,1.0
2006-03-01,49.79,50.18,49.16,49.8,20.5389123264,191200,0.0000,1.0
2006-02-28,47.56,51.92,47.29,49.92,20.5884036814,570200,0.0000,1.0
2006-02-27,46.74,47.45,46.37,47.23,19.4789724734,116400,0.0000,1.0
2006-02-24,46.52,47.13,46.26,46.91,19.3469955267,137900,0.0000,1.0
2006-02-23,46.67,47.12,46.51,46.75,19.2810070534,62600,0.0000,1.0
2006-02-22,46.5,47.06,45.72,47.06,19.4088597205,112900,0.0000,1.0
2006-02-21,46.49,46.67,45.45,46.17,19.0417988376,82200,0.0000,1.0
2006-02-17,46.88,46.88,46.15,46.39,19.1325329884,119100,0.0000,1.0
2006-02-16,45.92,46.85,45.83,46.69,19.2562613759,132500,0.0000,1.0
2006-02-15,45.62,46.05,44.83,46.02,18.9799346438,112100,0.0000,1.0
2006-02-14,45.71,46.302,45.42,45.81,18.8933247725,148500,0.0000,1.0
2006-02-13,45.72,46.23,45.51,46.14,19.0294259988,98100,0.0000,1.0
2006-02-10,45.51,46.3,44.9,46.06,18.9964317621,79500,0.0000,1.0
2006-02-09,45.82,46.14,45.31,45.38,18.7159807504,97800,0.0000,1.0
2006-02-08,44.62,45.82,44.42,45.77,18.8768276542,115500,0.0000,1.0
2006-02-07,44.74,45.82,44.24,44.6,18.3942869429,120500,0.0000,1.0
2006-02-06,43.63,45.3,43.44,44.96,18.5427610079,117200,0.0000,1.0
2006-02-03,44.04,44.36,43.61,43.69,18.0189775008,135600,0.0000,1.0
2006-02-02,44.61,45.31,43.83,44.23,18.2416885983,137100,0.0000,1.0
2006-02-01,45.27,45.28,44.17,44.92,18.5262638896,167700,0.0000,1.0
2006-01-31,45.16,46.0,44.42,45.42,18.7324778688,148900,0.0000,1.0
2006-01-30,45.6,45.89,44.85,45.37,18.7118564709,181300,0.0000,1.0
2006-01-27,45.89,46.96,45.46,45.75,18.868579095,145700,0.0000,1.0
2006-01-26,44.75,46.07,44.25,46.02,18.9799346438,180000,0.0000,1.0
2006-01-25,45.0,45.24,43.29,44.13,18.2004458025,277000,0.0000,1.0
2006-01-24,43.97,45.0,43.83,44.9,18.5180153304,170900,0.0000,1.0
2006-01-23,43.18,44.13,43.18,43.86,18.0890902537,83700,0.0000,1.0
2006-01-20,43.84,43.94,42.98,43.3,17.8581305971,227100,0.0000,1.0
2006-01-19,43.72,44.15,43.25,43.67,18.0107289416,217300,0.0000,1.0
2006-01-18,43.21,43.87,42.89,43.11,17.779769285,153300,0.0000,1.0
2006-01-17,44.18,44.52,43.39,43.65,18.0024803825,94000,0.0000,1.0
2006-01-13,44.74,45.1,44.03,44.6,18.3942869429,110100,0.0000,1.0
2006-01-12,44.89,45.38,44.28,44.52,18.3612927063,206300,0.0000,1.0
2006-01-11,45.24,45.58,44.45,45.23,18.6541165567,235400,0.0000,1.0
2006-01-10,45.45,46.31,44.85,45.51,18.769596385,256700,0.0000,1.0
2006-01-09,44.71,46.33,44.0,45.03,18.571630965,400700,0.0000,1.0
2006-01-06,42.75,43.65,42.31,43.6,17.9818589846,228000,0.0000,1.0
2006-01-05,42.32,42.79,42.07,42.59,17.5653067466,231100,0.0000,1.0
2006-01-04,41.09,42.37,40.85,42.32,17.4539511979,205000,0.0000,1.0
2006-01-03,40.5,41.11,39.6,40.99,16.9054220132,175800,0.0000,1.0
2005-12-30,40.95,41.32,40.39,40.51,16.7074565932,131800,0.0000,1.0
2005-12-29,41.42,41.87,41.25,41.32,17.0415232395,87000,0.0000,1.0
2005-12-28,41.01,41.84,40.73,41.66,17.1817487453,74600,0.0000,1.0
2005-12-27,42.0,42.0,40.68,40.71,16.7899421849,107700,0.0000,1.0
2005-12-23,41.89,42.12,41.64,41.98,17.313725692,82800,0.0000,1.0
2005-12-22,41.84,42.19,41.22,41.83,17.2518614983,171000,0.0000,1.0
2005-12-21,41.02,42.34,41.02,42.0,17.3219742512,200500,0.0000,1.0
2005-12-20,41.14,42.0,40.67,41.03,16.9219191316,282300,0.0000,1.0
2005-12-19,41.88,41.88,40.77,40.94,16.8848006153,301400,0.0000,1.0
2005-12-16,42.19,42.22,39.95,41.87,17.2683586166,773800,0.0000,1.0
2005-12-15,42.41,43.05,41.55,41.98,17.313725692,399300,0.1650,1.0
2005-12-14,41.179,45.85,40.23,42.82,17.5910246561,1465800,0.0000,1.0
2005-12-13,38.79,39.35,38.43,39.25,16.124421246,230700,0.0000,1.0
2005-12-12,38.98,39.05,38.1,38.62,15.8656088795,127300,0.0000,1.0
2005-12-09,38.43,38.95,38.14,38.88,15.9724203323,133000,0.0000,1.0
2005-12-08,38.67,38.86,37.52,38.34,15.750581161,151600,0.0000,1.0
2005-12-07,38.63,39.0,38.0,38.32,15.7423648954,122500,0.0000,1.0
2005-12-06,39.57,40.12,38.87,38.92,15.9888528635,141800,0.0000,1.0
2005-12-05,39.47,39.66,38.45,39.48,16.2189083004,182900,0.0000,1.0
2005-12-02,39.75,39.8,39.43,39.67,16.2969628236,116200,0.0000,1.0
2005-12-01,39.86,40.11,39.35,39.87,16.3791254797,160600,0.0000,1.0
2005-11-30,39.63,39.92,39.43,39.82,16.3585848157,179300,0.0000,1.0
2005-11-29,39.01,39.88,38.96,39.71,16.3133953548,145700,0.0000,1.0
2005-11-28,39.34,39.34,38.29,38.84,15.9559878011,94100,0.0000,1.0
2005-11-25,39.66,39.74,39.46,39.74,16.3257197533,46100,0.0000,1.0
2005-11-23,39.5,39.79,39.13,39.67,16.2969628236,113100,0.0000,1.0
2005-11-22,39.25,39.88,39.25,39.75,16.3298278861,111000,0.0000,1.0
2005-11-21,39.29,39.58,38.72,39.48,16.2189083004,148300,0.0000,1.0
2005-11-18,39.71,39.75,39.14,39.48,16.2189083004,83000,0.0000,1.0
2005-11-17,38.68,39.59,38.68,39.39,16.1819351052,129700,0.0000,1.0
2005-11-16,38.8,38.85,38.23,38.55,15.8368519499,63700,0.0000,1.0
2005-11-15,38.99,39.43,38.48,38.75,15.9190146059,108500,0.0000,1.0
2005-11-14,39.93,39.93,38.05,39.09,16.0586911212,114000,0.0000,1.0
2005-11-11,39.72,40.0,39.66,39.92,16.3996661437,60200,0.0000,1.0
2005-11-10,39.42,39.91,38.06,39.84,16.3668010813,70200,0.0000,1.0
2005-11-09,38.94,39.48,38.48,39.41,16.1901513708,115500,0.0000,1.0
2005-11-08,38.83,39.0,38.32,38.9,15.9806365979,86500,0.0000,1.0
2005-11-07,38.76,39.39,38.21,39.13,16.0751236524,117800,0.0000,1.0
2005-11-04,38.81,38.81,37.86,38.64,15.8738251451,82000,0.0000,1.0
2005-11-03,38.89,39.25,38.56,38.8,15.9395552699,86500,0.0000,1.0
2005-11-02,37.9,38.79,37.75,38.79,15.9354471371,114300,0.0000,1.0
2005-11-01,36.99,37.84,36.74,37.71,15.4917687945,65600,0.0000,1.0
2005-10-31,37.19,37.71,36.51,37.17,15.2699296233,172100,0.0000,1.0
2005-10-28,35.66,37.7,35.66,37.32,15.3315516153,236600,0.0000,1.0
2005-10-27,36.02,36.24,35.06,35.5,14.5838714454,181900,0.0000,1.0
2005-10-26,35.77,36.5,35.62,36.13,14.8426838119,66800,0.0000,1.0
2005-10-25,36.15,36.88,35.5,35.99,14.7851699527,110300,0.0000,1.0
2005-10-24,35.32,36.7,35.04,36.46,14.9782521944,213800,0.0000,1.0
2005-10-21,34.68,36.05,34.6,35.22,14.468843727,323300,0.0000,1.0
2005-10-20,36.44,36.69,35.15,35.58,14.6167365078,107200,0.0000,1.0
2005-10-19,35.55,36.6,35.43,36.49,14.9905765928,173200,0.0000,1.0
2005-10-18,36.49,36.83,35.5,35.75,14.6865747654,105600,0.0000,1.0
2005-10-17,36.97,36.97,35.62,36.67,15.0645229832,100600,0.0000,1.0
2005-10-14,36.72,36.98,35.96,36.89,15.1549019048,71100,0.0000,1.0
2005-10-13,36.68,36.88,35.9,36.54,15.0111172568,213300,0.0000,1.0
2005-10-12,36.43,37.19,35.855,36.79,15.1138205768,190100,0.0000,1.0
2005-10-11,37.1,37.86,36.46,36.51,14.9987928584,123100,0.0000,1.0
2005-10-10,36.96,37.09,36.34,36.85,15.1384693736,89100,0.0000,1.0
2005-10-07,36.62,37.26,36.15,36.72,15.0850636472,101900,0.0000,1.0
2005-10-06,36.86,37.43,36.06,36.27,14.9001976711,139700,0.0000,1.0
2005-10-05,37.96,38.2,36.79,36.81,15.1220368424,118400,0.0000,1.0
2005-10-04,38.2,38.57,37.75,38.01,15.6150127786,115900,0.0000,1.0
2005-10-03,38.05,38.9,37.84,38.1,15.6519859738,197300,0.0000,1.0
2005-09-30,38.01,38.1,37.4,38.03,15.6232290442,281800,0.0000,1.0
2005-09-29,38.04,38.87,37.5,38.25,15.7136079658,190600,0.0000,1.0
2005-09-28,38.07,38.3,37.52,38.0,15.6109046458,177900,0.0000,1.0
2005-09-27,37.09,38.14,36.54,37.98,15.6026883802,164200,0.0000,1.0
2005-09-26,37.38,37.6,36.56,37.0,15.2000913656,101600,0.0000,1.0
2005-09-23,37.13,37.54,36.44,37.23,15.2945784201,98500,0.0000,1.0
2005-09-22,36.84,37.44,35.87,37.14,15.2576052249,149000,0.0000,1.0
2005-09-21,37.3,37.5,36.64,36.67,15.0645229832,187500,0.0000,1.0
2005-09-20,37.28,38.09,37.21,37.45,15.3849573417,352500,0.0000,1.0
2005-09-19,37.77,37.91,36.6,37.02,15.2083076312,171600,0.0000,1.0
2005-09-16,37.0,37.95,36.96,37.93,15.5821477162,466000,0.0000,1.0
2005-09-15,37.1,37.15,36.44,36.78,15.109712444,228000,0.0000,1.0
2005-09-14,36.74,37.02,36.23,36.94,15.1754425688,164100,0.0000,1.0
2005-09-13,37.36,37.36,36.53,36.68,15.068631116,170000,0.0000,1.0
2005-09-12,36.32,37.96,36.05,37.61,15.4506874665,234800,0.0000,1.0
2005-09-09,35.73,36.64,35.73,36.51,14.9987928584,192400,0.0000,1.0
2005-09-08,35.82,35.9,35.09,35.66,14.6496015702,243400,0.0000,1.0
2005-09-07,36.79,37.41,35.85,35.91,14.7523048903,280700,0.0000,1.0
2005-09-06,35.8,37.23,35.8,36.94,15.1754425688,117000,0.0000,1.0
2005-09-02,35.62,37.64,35.61,35.89,14.7440886247,200000,0.0000,1.0
2005-09-01,35.29,35.95,34.93,35.73,14.6783584998,205200,0.1650,1.0
2005-08-31,35.64,36.2,35.13,35.52,14.5250116705,299600,0.0000,1.0
2005-08-30,35.65,35.85,35.02,35.49,14.5127439242,198100,0.0000,1.0
2005-08-29,34.54,35.69,34.28,35.64,14.5740826559,235400,0.0000,1.0
2005-08-26,34.5,35.36,34.23,34.55,14.1283545388,308400,0.0000,1.0
2005-08-25,34.06,34.8,34.0,34.7,14.1896932705,314800,0.0000,1.0
2005-08-24,33.11,36.24,33.11,34.15,13.9647845875,604900,0.0000,1.0
2005-08-23,33.3,33.46,32.16,32.78,13.4045575045,156500,0.0000,1.0
2005-08-22,33.1,33.25,32.62,33.25,13.5967521972,91400,0.0000,1.0
2005-08-19,32.51,33.03,32.47,32.95,13.4740747338,58000,0.0000,1.0
2005-08-18,32.5,33.11,32.33,32.69,13.3677542655,105500,0.0000,1.0
2005-08-17,32.14,33.25,31.98,32.75,13.3922897582,110900,0.0000,1.0
2005-08-16,32.91,32.91,31.68,31.96,13.0692391045,193500,0.0000,1.0
2005-08-15,32.77,33.0,32.69,32.92,13.4618069875,210200,0.0000,1.0
2005-08-12,33.19,33.25,32.6,32.69,13.3677542655,272100,0.0000,1.0
2005-08-11,32.32,33.64,31.808,33.27,13.6049306948,367900,0.0000,1.0
2005-08-10,32.45,32.86,32.11,32.43,13.2614337972,260800,0.0000,1.0
2005-08-09,33.09,33.09,32.7,32.88,13.4454499923,79100,0.0000,1.0
2005-08-08,33.02,33.4,32.79,33.0,13.4945209777,101800,0.0000,1.0
2005-08-05,33.5,33.5,33.02,33.07,13.5231457192,83400,0.0000,1.0
2005-08-04,33.76,33.97,33.39,33.39,13.6540016802,112000,0.0000,1.0
2005-08-03,33.82,33.9,33.59,33.81,13.825750129,119200,0.0000,1.0
2005-08-02,33.47,33.98,33.47,33.9,13.862553368,168500,0.0000,1.0
2005-08-01,33.4,34.25,33.4,33.62,13.7480544021,175700,0.0000,1.0
2005-07-29,33.37,33.62,32.97,33.37,13.6458231826,99400,0.0000,1.0
2005-07-28,32.8,33.47,32.8,33.29,13.6131091924,170500,0.0000,1.0
2005-07-27,32.67,32.86,32.48,32.8,13.4127360021,178400,0.0000,1.0
2005-07-26,32.54,32.99,32.39,32.51,13.2941477874,187300,0.0000,1.0
2005-07-25,32.8,33.07,32.2299,32.54,13.3064155338,114300,0.0000,1.0
2005-07-22,32.64,33.03,32.49,32.8,13.4127360021,207100,0.0000,1.0
2005-07-21,33.0,33.29,32.51,32.58,13.3227725289,188400,0.0000,1.0
2005-07-20,32.28,33.2293,32.16,32.95,13.4740747338,292800,0.0000,1.0
2005-07-19,32.88,33.19,31.94,32.41,13.2532552996,589900,0.0000,1.0
2005-07-18,33.98,34.1,33.61,33.62,13.7480544021,91300,0.0000,1.0
2005-07-15,33.52,34.05,33.38,34.03,13.9157136022,125100,0.0000,1.0
2005-07-14,34.23,34.36,33.44,33.72,13.7889468899,116700,0.0000,1.0
2005-07-13,33.99,34.16,33.68,33.82,13.8298393778,160000,0.0000,1.0
2005-07-12,34.49,34.49,33.79,33.98,13.8952673583,206100,0.0000,1.0
2005-07-11,34.38,34.77,34.29,34.55,14.1283545388,208700,0.0000,1.0
2005-07-08,33.48,34.96,33.27,34.6,14.1488007827,234000,0.0000,1.0
2005-07-07,33.34,33.56,33.13,33.44,13.6744479241,183000,0.0000,1.0
2005-07-06,34.32,34.51,33.79,33.87,13.8502856217,166800,0.0000,1.0
2005-07-05,34.83,35.0,33.8,34.33,14.0383910656,345200,0.0000,1.0
2005-07-01,34.35,34.92,34.12,34.92,14.2796567437,267400,0.0000,1.0
2005-06-30,34.28,34.64,33.92,34.28,14.0179448217,285500,0.0000,1.0
2005-06-29,34.0,34.19,33.57,34.19,13.9811415827,108200,0.0000,1.0
2005-06-28,33.34,34.02,33.07,34.01,13.9075351046,116300,0.0000,1.0
2005-06-27,33.2,33.34,32.88,33.18,13.5681274558,133400,0.0000,1.0
2005-06-24,32.93,33.27,32.81,33.22,13.5844844509,405800,0.0000,1.0
2005-06-23,32.76,33.08,32.67,32.91,13.4577177387,241000,0.0000,1.0
2005-06-22,32.5,33.0,32.31,32.84,13.4290929972,152000,0.0000,1.0
2005-06-21,32.37,32.64,32.0,32.56,13.3145940313,134400,0.0000,1.0
2005-06-20,31.84,32.49,31.7,32.18,13.1592025777,232900,0.0000,1.0
2005-06-17,31.53,31.91,31.37,31.84,13.0201681191,319700,0.0000,1.0
2005-06-16,31.2,31.55,31.0,31.53,12.8934014069,281900,0.0000,1.0
2005-06-15,30.95,31.3,30.74,31.26,12.7829916898,255200,0.0000,1.0
2005-06-14,30.64,31.01,30.64,30.95,12.6562249776,285900,0.0000,1.0
2005-06-13,30.0,30.87,30.0,30.7,12.553993758,335800,0.0000,1.0
2005-06-10,30.23,30.23,29.86,30.0,12.2677463434,729800,0.0000,1.0
2005-06-09,30.33,30.41,30.0,30.1,12.3086388312,186600,0.0000,1.0
2005-06-08,30.72,31.06,30.03,30.11,12.31272808,220100,0.0000,1.0
2005-06-07,30.55,30.98,30.23,30.72,12.5621722556,268400,0.0000,1.0
2005-06-06,29.9,31.06,29.9,30.475,12.4619856605,280200,0.0000,1.0
2005-06-03,30.37,30.37,29.45,29.96,12.2513893482,271600,0.1600,1.0
2005-06-02,30.75,30.93,30.24,30.32,12.3327398751,206100,0.0000,1.0
2005-06-01,31.37,31.37,30.552,30.8,12.5279811396,204600,0.0000,1.0
2005-05-31,31.44,31.6,30.87,31.06,12.6337368246,340400,0.0000,1.0
2005-05-27,31.71,31.71,31.19,31.5,12.8127079837,131800,0.0000,1.0
2005-05-26,31.97,32.03,31.1,31.37,12.7598301412,491500,0.0000,1.0
2005-05-25,33.19,33.19,30.98,31.53,12.8249105628,545000,0.0000,1.0
2005-05-24,34.24,34.49,33.5,33.67,13.6953612004,133400,0.0000,1.0
2005-05-23,33.32,34.18,33.22,34.08,13.8621297805,135400,0.0000,1.0
2005-05-20,33.05,33.67,32.78,33.49,13.6221457262,53000,0.0000,1.0
2005-05-19,33.42,33.79,33.17,33.41,13.5896055154,51300,0.0000,1.0
2005-05-18,31.88,33.42,31.88,33.41,13.5896055154,77400,0.0000,1.0
2005-05-17,32.01,32.01,31.44,31.98,13.0079492482,118100,0.0000,1.0
2005-05-16,31.59,32.34,31.16,32.29,13.1340425649,109100,0.0000,1.0
2005-05-13,31.7,32.24,31.31,31.56,12.8371131418,110500,0.0000,1.0
2005-05-12,32.88,33.06,31.81,31.81,12.9388013004,72300,0.0000,1.0
2005-05-11,32.51,32.94,31.94,32.88,13.3740266192,85500,0.0000,1.0
2005-05-10,33.24,33.67,32.54,32.67,13.288608566,131000,0.0000,1.0
2005-05-09,32.96,33.72,32.88,33.66,13.691293674,116700,0.0000,1.0
2005-05-06,33.31,33.56,32.96,33.06,13.4472420934,66400,0.0000,1.0
2005-05-05,33.01,33.27,32.7,33.1,13.4635121988,82500,0.0000,1.0
2005-05-04,32.48,33.47,32.45,33.16,13.4879173568,107900,0.0000,1.0
2005-05-03,32.43,32.79,32.01,32.24,13.1137049332,65300,0.0000,1.0
2005-05-02,32.06,32.78,32.06,32.44,13.1950554601,119200,0.0000,1.0
2005-04-29,31.45,32.27,31.43,32.22,13.1055698805,290200,0.0000,1.0
2005-04-28,31.78,31.99,31.1,31.49,12.8086404574,131000,0.0000,1.0
2005-04-27,31.14,32.2,30.92,32.12,13.0648946171,180200,0.0000,1.0
2005-04-26,32.82,32.82,31.3,31.3,12.7313574568,141600,0.0000,1.0
2005-04-25,31.79,32.82,31.79,32.81,13.3455539348,117500,0.0000,1.0
2005-04-22,32.74,32.74,31.11,31.47,12.8005054047,151700,0.0000,1.0
2005-04-21,32.0,32.66,31.94,32.52,13.2275956708,215500,0.0000,1.0
2005-04-20,32.2,32.53,31.69,31.88,12.9672739848,137100,0.0000,1.0
2005-04-19,31.89,32.43,31.7,32.35,13.158447723,461700,0.0000,1.0
2005-04-18,31.77,32.49,31.62,31.89,12.9713415111,542600,0.0000,1.0
2005-04-15,32.2,32.3,31.68,31.77,12.922531195,184700,0.0000,1.0
2005-04-14,33.36,33.36,32.0,32.22,13.1055698805,307700,0.0000,1.0
2005-04-13,34.59,34.65,32.95,33.15,13.4838498305,165100,0.0000,1.0
2005-04-12,34.05,35.0,33.56,34.72,14.1224514665,176800,0.0000,1.0
2005-04-11,34.36,34.7,34.03,34.16,13.8946699912,170800,0.0000,1.0
2005-04-08,34.0,35.18,34.0,34.36,13.9760205181,310100,0.0000,1.0
2005-04-07,34.83,35.75,33.85,34.18,13.9028050439,499500,0.0000,1.0
2005-04-06,35.93,36.8,35.93,36.19,14.7203778391,108900,0.0000,1.0
2005-04-05,36.74,36.95,35.83,36.02,14.6512298912,93100,0.0000,1.0
2005-04-04,36.25,36.71,35.48,36.65,14.9074840509,55700,0.0000,1.0
2005-04-01,36.9,37.29,35.75,36.11,14.6878376283,94400,0.0000,1.0
2005-03-31,37.6,37.85,36.55,36.82,14.9766319988,108500,0.0000,1.0
2005-03-30,36.98,38.07,36.82,37.54,15.2694938955,165600,0.0000,1.0
2005-03-29,37.15,37.7,36.61,36.73,14.9400242617,103900,0.0000,1.0
2005-03-28,37.55,37.75,37.04,37.1,15.0905227364,176600,0.0000,1.0
2005-03-24,37.25,37.59,37.0,37.31,15.1759407896,110800,0.0000,1.0
2005-03-23,36.89,37.28,36.89,36.94,15.0254423149,122700,0.0000,1.0
2005-03-22,37.36,37.86,36.85,37.14,15.1067928418,73300,0.0000,1.0
2005-03-21,36.23,37.16,36.1,37.05,15.0701851047,97100,0.0000,1.0
2005-03-18,37.85,37.93,35.32,36.75,14.9481593143,450600,0.0000,1.0
2005-03-17,38.4,38.4,37.54,37.85,15.3955872122,177000,0.0000,1.0
2005-03-16,38.13,38.6,38.0,38.02,15.46473516,166900,0.0000,1.0
2005-03-15,39.5,39.5,38.11,38.28,15.570490845,98900,0.0000,1.0
2005-03-14,39.37,39.75,38.93,39.08,15.8958929525,105900,0.0000,1.0
2005-03-11,38.7,39.5,38.51,39.195,15.9426695055,104400,0.0000,1.0
2005-03-10,38.84,39.62,38.76,38.95,15.84301511,100000,0.0000,1.0
2005-03-09,39.16,39.5,38.96,39.14,15.9202981106,72000,0.0000,1.0
2005-03-08,39.81,40.0,38.89,39.45,16.0463914272,76000,0.0000,1.0
2005-03-07,39.76,39.98,39.41,39.68,16.1399445331,82500,0.0000,1.0
2005-03-04,39.99,39.99,39.36,39.99,16.2660378498,89900,0.1600,1.0
2005-03-03,40.19,40.19,39.39,39.58,16.0351127795,47000,0.0000,1.0
2005-03-02,39.95,40.61,39.89,39.92,16.1728575583,103300,0.0000,1.0
2005-03-01,39.89,40.41,39.76,40.375,16.3571924828,95200,0.0000,1.0
2005-02-28,40.0,40.0,38.39,39.99,16.2012167774,99800,0.0000,1.0
2005-02-25,38.83,40.38,38.8,40.34,16.3430128733,80100,0.0000,1.0
2005-02-24,38.26,38.98,37.96,38.98,15.792033758,89400,0.0000,1.0
2005-02-23,38.5,38.68,37.97,38.02,15.4031073238,131400,0.0000,1.0
2005-02-22,38.08,39.35,38.02,38.02,15.4031073238,100400,0.0000,1.0
2005-02-18,38.51,38.93,37.95,38.8,15.7191100516,130100,0.0000,1.0
2005-02-17,39.51,39.66,38.34,38.51,15.6016218579,78800,0.0000,1.0
2005-02-16,39.3,39.85,39.26,39.57,16.0310614624,81500,0.0000,1.0
2005-02-15,38.84,39.56,38.43,39.5,16.0027022433,80100,0.0000,1.0
2005-02-14,38.17,38.93,37.8,38.92,15.7677258559,59900,0.0000,1.0
2005-02-11,38.1,39.0,37.76,38.57,15.6259297601,76000,0.0000,1.0
2005-02-10,38.09,38.58,38.03,38.23,15.4881849813,64800,0.0000,1.0
2005-02-09,39.14,39.17,37.99,38.12,15.443620494,81600,0.0000,1.0
2005-02-08,38.0,39.08,38.0,39.01,15.8041877091,92500,0.0000,1.0
2005-02-07,37.93,38.73,37.93,38.24,15.4922362983,127500,0.0000,1.0
2005-02-04,38.03,38.5,37.66,38.49,15.5935192239,106700,0.0000,1.0
2005-02-03,38.2,38.29,37.53,38.24,15.4922362983,98800,0.0000,1.0
2005-02-02,37.81,38.1,37.33,37.99,15.3909533727,175200,0.0000,1.0
2005-02-01,37.47,38.06,37.16,37.88,15.3463888855,138900,0.0000,1.0
2005-01-31,37.39,37.95,37.24,37.63,15.2451059599,98800,0.0000,1.0
2005-01-28,37.3,37.3,36.23,37.21,15.0749506449,209400,0.0000,1.0
2005-01-27,36.92,37.7,36.84,37.11,15.0344374746,92900,0.0000,1.0
2005-01-26,36.68,37.6,36.44,37.38,15.1438230343,146100,0.0000,1.0
2005-01-25,37.04,37.4,36.56,36.88,14.9412571831,129600,0.0000,1.0
2005-01-24,37.23,37.23,36.65,36.86,14.933154549,96200,0.0000,1.0
2005-01-21,37.16,37.91,36.63,37.21,15.0749506449,199300,0.0000,1.0
2005-01-20,37.7,37.71,36.89,37.18,15.0627966938,95300,0.0000,1.0
2005-01-19,38.27,39.06,37.79,37.8,15.3139783493,96100,0.0000,1.0
2005-01-18,38.04,38.64,37.19,38.44,15.5732626388,104700,0.0000,1.0
2005-01-14,38.14,38.36,37.78,38.33,15.5286981515,93000,0.0000,1.0
2005-01-13,38.42,38.88,37.91,38.015,15.4010816653,98000,0.0000,1.0
2005-01-12,37.97,38.85,37.43,38.58,15.6299810771,143700,0.0000,1.0
2005-01-11,38.31,38.81,37.69,38.09,15.4314665429,112200,0.0000,1.0
2005-01-10,38.16,39.26,38.05,38.52,15.605673175,166100,0.0000,1.0
2005-01-07,38.75,39.07,37.75,38.5,15.5975705409,134000,0.0000,1.0
2005-01-06,38.77,39.21,38.32,39.0,15.8001363921,96600,0.0000,1.0
2005-01-05,38.74,39.49,38.35,38.43,15.5692113217,146600,0.0000,1.0
2005-01-04,39.88,40.19,38.74,38.82,15.7272126857,165400,0.0000,1.0
2005-01-03,40.22,40.22,39.02,39.64,16.0594206816,157700,0.0000,1.0
2004-12-31,40.38,40.52,40.04,40.07,16.2336273136,70200,0.0000,1.0
2004-12-30,40.39,40.77,40.13,40.46,16.3916286775,87700,0.0000,1.0
2004-12-29,40.38,40.47,39.57,40.33,16.3389615562,126600,0.0000,1.0
2004-12-28,39.1,40.36,39.07,40.36,16.3511155073,168800,0.0000,1.0
2004-12-27,39.82,40.1,38.71,39.19,15.8771114155,50300,0.0000,1.0
2004-12-23,39.63,40.07,39.38,39.64,16.0594206816,44500,0.0000,1.0
2004-12-22,39.47,40.0,39.03,39.67,16.0715746327,57000,0.0000,1.0
2004-12-21,39.33,39.67,38.8,39.45,15.9824456582,74200,0.0000,1.0
2004-12-20,38.63,39.24,38.51,38.75,15.6988534665,69700,0.0000,1.0
2004-12-17,38.8,39.33,38.62,38.93,15.7717771729,108400,0.0000,1.0
2004-12-16,39.51,39.51,38.59,39.03,15.8122903432,73300,0.0000,1.0
2004-12-15,39.28,39.74,38.84,39.74,16.0999338518,108300,0.0000,1.0
2004-12-14,38.05,39.63,38.05,39.49,15.9986509263,161600,0.0000,1.0
2004-12-13,38.35,38.499,37.75,38.42,15.5651600047,204800,0.1600,1.0
2004-12-10,36.71,39.06,36.71,38.53,15.5449874283,183700,0.0000,1.0
2004-12-09,37.03,38.2,35.62,37.44,15.1052252612,412600,0.0000,1.0
2004-12-08,37.27,37.81,36.62,37.59,15.1657429906,96000,0.0000,1.0
2004-12-07,37.38,37.42,36.01,36.6,14.7663259765,161600,0.0000,1.0
2004-12-06,38.79,38.79,37.0,37.0,14.9277065883,143100,0.0000,1.0
2004-12-03,38.61,38.81,38.2,38.4,15.4925387294,100600,0.0000,1.0
2004-12-02,38.8,38.92,38.21,38.21,15.4158829388,113000,0.0000,1.0
2004-12-01,38.27,39.31,37.63,38.9,15.6942644941,124800,0.0000,1.0
2004-11-30,37.41,38.12,37.12,38.06,15.3553652094,84500,0.0000,1.0
2004-11-29,37.99,38.47,37.35,38.06,15.3553652094,115900,0.0000,1.0
2004-11-26,38.34,38.34,37.96,37.96,15.3150200565,44000,0.0000,1.0
2004-11-24,37.76,38.59,37.76,38.11,15.3755377859,44200,0.0000,1.0
2004-11-23,37.72,38.32,37.24,38.2,15.4118484235,85400,0.0000,1.0
2004-11-22,36.9,37.67,36.74,37.49,15.1253978377,90200,0.0000,1.0
2004-11-19,37.44,37.75,36.9,37.0,14.9277065883,54500,0.0000,1.0
2004-11-18,37.41,37.98,37.22,37.82,15.2585368424,38100,0.0000,1.0
2004-11-17,37.51,38.0,37.02,37.86,15.2746749035,66400,0.0000,1.0
2004-11-16,37.85,38.1,37.17,37.17,14.9962933483,62700,0.0000,1.0
2004-11-15,37.55,38.36,37.32,38.08,15.36343424,85100,0.0000,1.0
2004-11-12,38.13,38.13,37.42,38.11,15.3755377859,74000,0.0000,1.0
2004-11-11,37.33,38.2,37.3,38.13,15.3836068165,71500,0.0000,1.0
2004-11-10,37.6,37.89,36.97,37.47,15.1173288071,71600,0.0000,1.0
2004-11-09,36.59,37.73,36.59,37.73,15.2222262047,62000,0.0000,1.0
2004-11-08,37.19,37.52,36.7,36.92,14.8954304659,98800,0.0000,1.0
2004-11-05,36.89,37.54,36.78,37.02,14.9357756188,149400,0.0000,1.0
2004-11-04,36.25,36.89,35.75,36.87,14.8752578894,161400,0.0000,1.0
2004-11-03,35.4,36.43,35.04,36.25,14.6251179412,176000,0.0000,1.0
2004-11-02,34.71,35.62,34.7,35.05,14.1409761059,88100,0.0000,1.0
2004-11-01,35.26,35.26,34.61,34.93,14.0925619224,127100,0.0000,1.0
2004-10-29,35.26,35.31,34.78,35.02,14.12887256,54900,0.0000,1.0
2004-10-28,34.65,35.57,34.65,34.96,14.1046654683,116300,0.0000,1.0
2004-10-27,33.96,35.5,33.63,35.48,14.3144602635,146800,0.0000,1.0
2004-10-26,33.829,33.94,33.05,33.853,13.6580446252,111400,0.0000,1.0
2004-10-25,33.59,33.96,33.21,33.85,13.6568342706,85100,0.0000,1.0
2004-10-22,34.26,34.5,33.52,33.72,13.6043855718,97000,0.0000,1.0
2004-10-21,34.45,34.47,33.52,34.08,13.7496281224,114200,0.0000,1.0
2004-10-20,34.12,35.04,34.01,34.46,13.9029397035,66300,0.0000,1.0
2004-10-19,35.25,35.68,34.29,34.57,13.9473193718,129700,0.0000,1.0
2004-10-18,34.9,35.16,34.16,35.0,14.1208035294,136200,0.0000,1.0
2004-10-15,34.85,35.44,34.79,34.96,14.1046654683,180200,0.0000,1.0
2004-10-14,35.74,35.74,34.9,34.96,14.1046654683,116600,0.0000,1.0
2004-10-13,36.23,36.34,35.26,35.57,14.3507709012,138100,0.0000,1.0
2004-10-12,36.0,36.41,35.66,36.05,14.5444276353,272200,0.0000,1.0
2004-10-11,35.61,36.17,35.36,36.17,14.5928418188,171900,0.0000,1.0
2004-10-08,35.11,35.83,35.11,35.76,14.4274266918,147100,0.0000,1.0
2004-10-07,35.41,35.72,35.32,35.6,14.3628744471,105800,0.0000,1.0
2004-10-06,35.35,36.03,35.15,36.03,14.5363586047,94300,0.0000,1.0
2004-10-05,35.45,35.74,35.39,35.53,14.33463284,104500,0.0000,1.0
2004-10-04,34.98,35.79,34.95,35.76,14.4274266918,218900,0.0000,1.0
2004-10-01,34.36,35.26,34.12,35.25,14.2216664118,124800,0.0000,1.0
2004-09-30,33.94,34.33,33.71,34.33,13.8504910047,136400,0.0000,1.0
2004-09-29,33.15,33.92,33.15,33.91,13.6810413624,129300,0.0000,1.0
2004-09-28,32.45,33.31,32.21,33.26,13.4187978683,91000,0.0000,1.0
2004-09-27,33.24,33.38,32.37,32.51,13.1162092212,94400,0.0000,1.0
2004-09-24,32.97,33.17,32.5,33.1,13.3542456235,109800,0.0000,1.0
2004-09-23,33.0,33.32,32.63,32.87,13.2614517718,172900,0.0000,1.0
2004-09-22,33.42,33.42,32.75,33.0,13.3139004706,109400,0.0000,1.0
2004-09-21,33.54,33.84,33.4,33.52,13.5236952659,79600,0.0000,1.0
2004-09-20,33.65,34.11,33.14,33.67,13.5842129953,169000,0.0000,1.0
2004-09-17,34.29,34.86,33.65,33.89,13.6729723318,669400,0.0000,1.0
2004-09-16,34.19,34.76,33.6,34.0,13.717352,262800,0.0000,1.0
2004-09-15,34.64,34.64,33.65,34.19,13.7940077906,143900,0.0000,1.0
2004-09-14,34.64,34.74,34.21,34.36,13.8625945506,242500,0.0000,1.0
2004-09-13,34.77,35.22,34.28,34.48,13.9110087341,264800,0.0000,1.0
2004-09-10,35.84,36.02,34.77,34.94,14.0965964377,270500,0.0000,1.0
2004-09-09,36.22,36.51,35.92,36.04,14.54039312,257100,0.0000,1.0
2004-09-08,35.14,36.31,35.13,35.91,14.4879444212,392000,0.0000,1.0
2004-09-07,35.26,35.84,34.79,35.56,14.3467363859,293500,0.0000,1.0
2004-09-03,35.0,35.21,34.73,35.0,14.1208035294,119400,0.0000,1.0
2004-09-02,33.97,35.2,33.9,34.81,14.0441477388,290900,0.0000,1.0
2004-09-01,34.39,34.98,33.79,34.4,13.8787326118,251100,0.0000,1.0
2004-08-31,32.95,34.36,32.94,34.29,13.8343529435,310200,0.0000,1.0
2004-08-30,34.16,34.16,33.11,33.21,13.3986252918,157100,0.0000,1.0
2004-08-27,33.7,34.98,33.7,34.01,13.7213865153,162200,0.0000,1.0
2004-08-26,34.5,34.54,33.52,33.97,13.7052484541,394200,0.0000,1.0
2004-08-25,39.06,39.52,32.25,34.09,13.7536626377,1573800,0.1600,1.0
2004-08-24,38.6,38.82,38.43,38.58,15.4924468485,190700,0.0000,1.0
2004-08-23,38.64,38.68,38.1,38.25,15.359929807,197800,0.0000,1.0
2004-08-20,38.63,38.85,38.19,38.67,15.5285878598,105200,0.0000,1.0
2004-08-19,38.59,39.874,38.28,38.42,15.4281961617,148300,0.0000,1.0
2004-08-18,38.18,39.08,37.5,38.84,15.5968542145,251500,0.0000,1.0
2004-08-17,38.9,38.9,38.09,38.24,15.3559141391,151200,0.0000,1.0
2004-08-16,38.64,39.1,38.3,38.79,15.5767758749,156900,0.0000,1.0
2004-08-13,38.58,39.08,38.33,38.9,15.620948222,124900,0.0000,1.0
2004-08-12,39.0,39.58,38.45,38.99,15.6570892334,112100,0.0000,1.0
2004-08-11,39.9,40.11,38.92,39.73,15.9542486597,126800,0.0000,1.0
2004-08-10,39.42,40.6,39.21,40.48,16.2554237539,170900,0.0000,1.0
2004-08-09,38.64,39.27,38.5,38.98,15.6530735654,216600,0.0000,1.0
2004-08-06,40.14,40.19,38.65,38.8,15.5807915428,229700,0.0000,1.0
2004-08-05,41.48,41.55,40.25,40.25,16.1630633917,89500,0.0000,1.0
2004-08-04,41.08,42.0,40.61,41.69,16.7413195727,108000,0.0000,1.0
2004-08-03,41.84,41.97,41.12,41.53,16.6770688859,95300,0.0000,1.0
2004-08-02,41.7,42.23,41.03,42.19,16.9421029688,94400,0.0000,1.0
2004-07-30,41.82,42.17,41.6,41.87,16.8136015953,144500,0.0000,1.0
2004-07-29,41.2,42.18,41.2,42.0,16.8658052783,212400,0.0000,1.0
2004-07-28,41.95,42.73,41.04,41.41,16.6288808708,196300,0.0000,1.0
2004-07-27,40.96,42.62,40.94,42.51,17.0706043424,180700,0.0000,1.0
2004-07-26,40.71,41.6,40.71,41.31,16.5887241916,141300,0.0000,1.0
2004-07-23,41.15,41.64,40.74,40.81,16.3879407954,133300,0.0000,1.0
2004-07-22,41.7,42.13,41.05,41.43,16.6369122067,188800,0.0000,1.0
2004-07-21,43.44,43.75,41.99,42.0,16.8658052783,142800,0.0000,1.0
2004-07-20,42.37,43.78,42.37,43.74,17.564531497,150700,0.0000,1.0
2004-07-19,42.97,42.99,42.15,42.53,17.0786356782,235400,0.0000,1.0
2004-07-16,42.14,43.43,42.14,42.99,17.2633564027,222500,0.0000,1.0
2004-07-15,42.41,42.7,41.88,42.15,16.9260402972,141800,0.0000,1.0
2004-07-14,41.44,42.4,40.55,42.17,16.934071633,195900,0.0000,1.0
2004-07-13,40.4,41.4,40.4,41.23,16.5565988482,160900,0.0000,1.0
2004-07-12,40.96,41.22,40.4,40.6,16.303611769,197500,0.0000,1.0
2004-07-09,40.35,41.15,40.35,40.93,16.4361288105,119000,0.0000,1.0
2004-07-08,41.22,41.3,40.26,40.41,16.2273140785,232800,0.0000,1.0
2004-07-07,41.72,42.36,40.4,40.64,16.3196744407,241700,0.0000,1.0
2004-07-06,41.81,42.2,41.69,41.8,16.7854919198,187200,0.0000,1.0
2004-07-02,41.71,42.36,41.71,42.17,16.934071633,118800,0.0000,1.0
2004-07-01,42.47,43.25,41.59,41.87,16.8136015953,186200,0.0000,1.0
2004-06-30,42.59,43.37,42.17,43.37,17.4159517838,182000,0.0000,1.0
2004-06-29,42.13,42.99,42.13,42.86,17.2111527197,149600,0.0000,1.0
2004-06-28,42.66,43.77,41.88,42.46,17.0505260028,298000,0.0000,1.0
2004-06-25,42.28,43.1,41.83,41.83,16.7975389236,272500,0.0000,1.0
2004-06-24,43.1,43.14,42.27,42.48,17.0585573386,302600,0.0000,1.0
2004-06-23,41.74,43.11,41.49,42.85,17.2071370518,179100,0.0000,1.0
2004-06-22,41.6,42.07,41.24,41.99,16.8617896104,158000,0.0000,1.0
2004-06-21,42.28,42.5,41.41,41.69,16.7413195727,140600,0.0000,1.0
2004-06-18,41.25,42.56,40.95,42.49,17.0625730066,265100,0.0000,1.0
2004-06-17,41.11,41.89,41.01,41.7,16.7453352406,200900,0.0000,1.0
2004-06-16,41.5,41.81,41.22,41.6,16.7051785614,117500,0.0000,1.0
2004-06-15,41.21,41.85,40.4,41.44,16.6409278746,193200,0.0000,1.0
2004-06-14,39.99,41.59,39.52,40.75,16.3638467879,199600,0.0000,1.0
2004-06-10,41.5,42.21,40.73,40.8,16.3839251275,199800,0.0000,1.0
2004-06-09,42.05,42.15,41.308,41.72,16.7533665764,312100,0.0000,1.0
2004-06-08,39.4,42.99,39.4,42.28,16.9782439802,688300,0.0000,1.0
2004-06-07,38.53,39.84,38.53,39.83,15.9944053389,218200,0.0000,1.0
2004-06-04,38.55,39.34,37.66,38.63,15.5125251881,136600,0.0000,1.0
2004-06-03,38.5,38.62,37.79,37.79,15.1752090826,115800,0.0000,1.0
2004-06-02,39.61,39.64,38.66,38.73,15.5526818674,161200,0.1550,1.0
2004-06-01,37.46,39.33,37.33,39.2,15.6786711894,464200,0.0000,1.0
2004-05-28,36.67,38.0,36.67,37.85,15.138716952,342900,0.0000,1.0
2004-05-27,37.09,37.4,36.2,36.94,14.7747477994,215800,0.0000,1.0
2004-05-26,37.32,37.65,35.5,37.44,14.9747308503,194100,0.0000,1.0
2004-05-25,33.35,36.55,32.96,35.85,14.3387847485,262400,0.0000,1.0
2004-05-24,33.21,33.38,32.8,33.15,13.2588762737,192800,0.0000,1.0
2004-05-21,33.15,33.22,32.72,32.9,13.1588847483,223400,0.0000,1.0
2004-05-20,32.76,33.15,32.21,32.6,13.0388949177,171600,0.0000,1.0
2004-05-19,33.77,34.11,32.74,32.86,13.1428861042,98700,0.0000,1.0
2004-05-18,34.06,34.06,33.06,33.5,13.3988644093,77400,0.0000,1.0
2004-05-17,33.91,34.46,32.9,33.13,13.2508769517,115300,0.0000,1.0
2004-05-14,34.98,35.36,33.59,34.12,13.6468433924,167500,0.0000,1.0
2004-05-13,34.37,34.75,33.67,33.83,13.5308532229,91300,0.0000,1.0
2004-05-12,35.32,35.32,33.05,34.28,13.7108379687,180300,0.0000,1.0
2004-05-11,34.86,35.48,33.79,35.3,14.1188033925,98300,0.0000,1.0
2004-05-10,34.75,35.05,33.63,33.75,13.4988559348,154900,0.0000,1.0
2004-05-07,36.31,37.11,34.78,34.91,13.9628166128,121100,0.0000,1.0
2004-05-06,36.51,37.17,35.29,36.55,14.6187610197,107400,0.0000,1.0
2004-05-05,37.0,37.67,36.6,36.73,14.690754918,104500,0.0000,1.0
2004-05-04,37.0,37.75,36.33,37.29,14.914735935,136200,0.0000,1.0
2004-05-03,34.5,36.93,34.5,36.66,14.6627572909,259300,0.0000,1.0
2004-04-30,34.97,35.35,34.52,34.56,13.8228284772,125500,0.0000,1.0
2004-04-29,35.52,36.08,34.76,35.11,14.0428098332,86000,0.0000,1.0
2004-04-28,36.16,36.42,34.9,35.39,14.1548003417,120500,0.0000,1.0
2004-04-27,35.89,37.0,35.89,36.54,14.6147613587,112500,0.0000,1.0
2004-04-26,36.5,37.17,35.95,36.07,14.4267772909,47200,0.0000,1.0
2004-04-23,37.01,37.34,36.05,36.82,14.7267518672,60300,0.0000,1.0
2004-04-22,35.51,37.35,35.44,37.3,14.918735596,141600,0.0000,1.0
2004-04-21,35.3,36.15,35.09,36.15,14.458774579,91400,0.0000,1.0
2004-04-20,36.25,36.37,35.3,35.44,14.1747986468,94200,0.0000,1.0
2004-04-19,35.8,36.09,35.25,35.78,14.3107871214,109500,0.0000,1.0
2004-04-16,34.98,36.89,34.98,35.93,14.3707820366,106000,0.0000,1.0
2004-04-15,35.34,36.13,34.83,34.98,13.9908142399,65100,0.0000,1.0
2004-04-14,35.595,36.29,34.81,35.51,14.2027962739,94000,0.0000,1.0
2004-04-13,36.29,36.54,35.16,35.37,14.1468010196,92200,0.0000,1.0
2004-04-12,36.54,37.0,36.0,36.13,14.450775257,68800,0.0000,1.0
2004-04-08,37.09,37.24,36.14,36.15,14.458774579,59800,0.0000,1.0
2004-04-07,36.87,37.16,35.96,36.89,14.7547494943,124200,0.0000,1.0
2004-04-06,37.39,37.5,36.95,37.22,14.8867383079,104100,0.0000,1.0
2004-04-05,37.29,37.55,37.14,37.5,14.9987288164,110300,0.0000,1.0
2004-04-02,37.39,38.0,37.18,37.4,14.9587322062,113400,0.0000,1.0
2004-04-01,37.06,37.5,36.85,37.23,14.8907379689,131500,0.0000,1.0
2004-03-31,37.5,38.05,37.06,37.46,14.9827301723,94800,0.0000,1.0
2004-03-30,37.71,38.2,37.7,38.05,15.2187101724,111100,0.0000,1.0
2004-03-29,36.94,38.04,36.93,38.0,15.1987118673,132400,0.0000,1.0
2004-03-26,37.0,37.1025,36.49,36.64,14.6547579689,82800,0.0000,1.0
2004-03-25,36.045,37.52,35.8,37.52,15.0067281384,142600,0.0000,1.0
2004-03-24,35.5,36.23,35.06,35.8,14.3187864434,118500,0.0000,1.0
2004-03-23,35.5,36.37,35.3,35.73,14.2907888163,108200,0.0000,1.0
2004-03-22,35.66,36.2,34.8,35.63,14.2507922061,132400,0.0000,1.0
2004-03-19,36.65,36.78,35.6,35.66,14.2627911891,109200,0.0000,1.0
2004-03-18,36.56,36.75,35.86,36.35,14.5387677994,178800,0.0000,1.0
2004-03-17,36.69,37.44,36.5,36.78,14.7107532231,95600,0.0000,1.0
2004-03-16,36.21,36.37,35.71,36.0,14.3987796637,177700,0.0000,1.0
2004-03-15,36.55,36.81,35.7,36.01,14.4027793248,189300,0.0000,1.0
2004-03-12,35.95,37.06,35.95,37.06,14.8227437316,111900,0.0000,1.0
2004-03-11,36.11,37.19,35.94,36.0,14.3987796637,123400,0.0000,1.0
2004-03-10,37.15,37.48,35.95,36.22,14.4867722061,123900,0.0000,1.0
2004-03-09,37.7,38.0,37.04,37.45,14.9787305113,124300,0.0000,1.0
2004-03-08,38.07,38.32,36.44,37.65,15.0587237317,206100,0.0000,1.0
2004-03-05,37.11,38.41,37.11,38.25,15.2987033927,114400,0.0000,1.0
2004-03-04,37.2,37.98,37.143,37.97,15.1867128842,82800,0.0000,1.0
2004-03-03,36.86,37.41,36.81,37.19,14.8747393248,113300,0.0000,1.0
2004-03-02,37.04,37.49,37.02,37.35,14.9387339011,124700,0.0000,1.0
2004-03-01,36.21,37.5,36.21,37.5,14.9987288164,87500,0.0000,1.0
2004-02-27,36.88,37.08,36.224,36.6,14.6387593248,288300,0.0000,1.0
2004-02-26,35.0,37.02,35.0,36.72,14.686755257,154500,0.0000,1.0
2004-02-25,34.71,37.16,34.57,35.15,14.0588084772,424700,0.0000,1.0
2004-02-24,34.1,34.5,33.5,34.01,13.6028471212,131900,0.0000,1.0
2004-02-23,34.94,35.81,34.106,34.33,13.7308362738,99300,0.0000,1.0
2004-02-20,34.86,35.8,34.5,35.11,14.0428098332,74600,0.0000,1.0
2004-02-19,35.51,36.255,34.87,34.88,13.9508176298,82100,0.0000,1.0
2004-02-18,36.5,36.65,35.31,35.33,14.1308023756,48200,0.1550,1.0
2004-02-17,35.7,36.85,35.09,36.28,14.4473865066,72300,0.0000,1.0
2004-02-13,36.45,36.67,35.76,35.77,14.2442947999,115200,0.0000,1.0
2004-02-12,35.98,36.67,35.98,36.66,14.598709739,78500,0.0000,1.0
2004-02-11,35.55,36.67,35.55,36.5,14.5349946938,113400,0.0000,1.0
2004-02-10,35.45,36.29,35.0,36.26,14.4394221259,57900,0.0000,1.0
2004-02-09,35.5,35.98,35.32,35.44,14.1128825191,44700,0.0000,1.0
2004-02-06,34.43,35.9,34.43,35.89,14.2920810838,67400,0.0000,1.0
2004-02-05,34.79,34.93,34.21,34.651,13.7986877023,71200,0.0000,1.0
2004-02-04,34.11,35.04,33.71,34.15,13.5991799669,147500,0.0000,1.0
2004-02-03,35.2,35.2,33.8,34.6,13.7783785316,173500,0.0000,1.0
2004-02-02,35.7,35.92,33.72,34.4,13.6987347251,219800,0.0000,1.0
2004-01-30,36.0,36.36,35.75,36.22,14.4234933646,108000,0.0000,1.0
2004-01-29,36.25,36.96,36.09,36.33,14.4672974582,111800,0.0000,1.0
2004-01-28,37.0,37.25,36.32,36.38,14.4872084098,103700,0.0000,1.0
2004-01-27,36.9,37.32,36.37,36.8,14.6544604036,179000,0.0000,1.0
2004-01-26,36.5,37.49,36.5,37.45,14.9133027748,187700,0.0000,1.0
2004-01-23,37.18,37.41,36.5,36.87,14.6823357359,161300,0.0000,1.0
2004-01-22,37.3,37.98,36.97,37.08,14.7659617327,103000,0.0000,1.0
2004-01-21,36.95,37.79,36.95,37.73,15.024804104,138900,0.0000,1.0
2004-01-20,37.4,37.58,36.95,37.35,14.8734808716,350900,0.0000,1.0
2004-01-16,37.2,37.49,36.28,37.29,14.8495877296,135000,0.0000,1.0
2004-01-15,36.76,37.0,35.72,36.97,14.7221576391,142800,0.0000,1.0
2004-01-14,36.95,37.3,36.39,37.17,14.8018014457,140800,0.0000,1.0
2004-01-13,35.81,36.87,35.8,36.4,14.4951727905,179600,0.0000,1.0
2004-01-12,35.2,36.43,35.2,35.9,14.2960632741,185400,0.0000,1.0
2004-01-09,35.5,36.26,34.73,35.8,14.2562413709,209900,0.0000,1.0
2004-01-08,35.84,36.45,35.6,36.3,14.4553508872,159100,0.0000,1.0
2004-01-07,35.5,35.8,34.85,35.66,14.2004907063,209500,0.0000,1.0
2004-01-06,35.2,35.77,34.83,35.54,14.1527044224,134100,0.0000,1.0
2004-01-05,35.5,35.5,34.84,35.0,13.9376661447,205500,0.0000,1.0
2004-01-02,34.4,35.63,34.4,35.25,14.0372209029,451300,0.0000,1.0
2003-12-31,35.75,35.97,34.53,34.61,13.7823607219,103000,0.0000,1.0
2003-12-30,35.99,36.0,35.53,35.69,14.2124372773,154600,0.0000,1.0
2003-12-29,35.499,35.94,35.25,35.89,14.2920810838,89900,0.0000,1.0
2003-12-26,34.9,35.34,34.9,35.09,13.9735058576,21800,0.0000,1.0
2003-12-24,35.64,35.76,35.0,35.02,13.9456305253,65300,0.0000,1.0
2003-12-23,34.66,35.72,34.65,35.72,14.2243838482,212300,0.0000,1.0
2003-12-22,34.55,35.0,34.55,35.0,13.9376661447,106600,0.0000,1.0
2003-12-19,34.42,34.985,34.24,34.86,13.8819154801,279300,0.0000,1.0
2003-12-18,32.9,34.54,32.9,34.5,13.7385566283,253400,0.0000,1.0
2003-12-17,33.8,34.28,33.52,34.12,13.5872333959,91500,0.0000,1.0
2003-12-16,33.22,34.5,33.07,34.29,13.6549306315,184800,0.0000,1.0
2003-12-15,34.33,34.42,33.09,33.24,13.2368006471,221300,0.0000,1.0
2003-12-12,34.4,34.59,33.71,34.33,13.6708593928,214400,0.0000,1.0
2003-12-11,33.0,35.0,33.0,34.35,13.6788237734,259300,0.1550,1.0
2003-12-10,33.28,33.52,32.84,33.52,13.2883400344,134600,0.0000,1.0
2003-12-09,33.2,33.55,32.71,33.3,13.2011253921,207000,0.0000,1.0
2003-12-08,33.31,33.69,33.2,33.41,13.2447327132,134500,0.0000,1.0
2003-12-05,33.64,34.01,33.62,33.85,13.4191619977,141000,0.0000,1.0
2003-12-04,33.88,33.94,33.23,33.87,13.4270906015,208000,0.0000,1.0
2003-12-03,34.16,34.52,33.96,34.0,13.4786265265,229700,0.0000,1.0
2003-12-02,34.0,34.61,33.2,34.55,13.6966631321,166300,0.0000,1.0
2003-12-01,32.99,34.7,32.5,34.55,13.6966631321,408200,0.0000,1.0
2003-11-28,32.7,32.9,32.51,32.53,12.8958741443,42900,0.0000,1.0
2003-11-26,32.79,32.97,32.46,32.97,13.0703034288,137300,0.0000,1.0
2003-11-25,31.71,32.77,31.6,32.66,12.9474100693,181300,0.0000,1.0
2003-11-24,31.73,32.5,31.4,32.18,12.7571235771,163900,0.0000,1.0
2003-11-21,31.46,31.89,31.39,31.7,12.566837085,122200,0.0000,1.0
2003-11-20,31.29,31.6,31.09,31.45,12.467729537,203900,0.0000,1.0
2003-11-19,31.1,31.66,31.1,31.49,12.4835867447,107300,0.0000,1.0
2003-11-18,31.2,31.7,31.2,31.25,12.3884434986,131700,0.0000,1.0
2003-11-17,31.25,31.52,31.06,31.24,12.3844791967,247000,0.0000,1.0
2003-11-14,30.95,31.55,30.95,31.47,12.4756581408,397100,0.0000,1.0
2003-11-13,30.1,31.52,30.1,31.37,12.4360151217,529800,0.0000,1.0
2003-11-12,29.6,30.78,29.6,30.67,12.1585139873,220700,0.0000,1.0
2003-11-11,29.25,29.75,29.2,29.62,11.7422622857,125000,0.0000,1.0
2003-11-10,29.55,29.9,29.27,29.4,11.6550476435,73500,0.0000,1.0
2003-11-07,29.1,29.89,29.1,29.7,11.7739767011,124400,0.0000,1.0
2003-11-06,29.0,29.35,28.83,29.25,11.5955831147,64100,0.0000,1.0
2003-11-05,28.27,29.5,27.5,29.2,11.5757616051,132800,0.0000,1.0
2003-11-04,28.32,28.61,27.94,28.23,11.1912243189,55100,0.0000,1.0
2003-11-03,28.07,28.68,27.33,28.31,11.2229387343,59900,0.0000,1.0
2003-10-31,27.52,28.53,27.32,27.86,11.0445451479,85600,0.0000,1.0
2003-10-30,28.04,28.5,27.64,27.74,10.9969735249,43600,0.0000,1.0
2003-10-29,28.35,28.35,27.55,28.05,11.1198668844,80100,0.0000,1.0
2003-10-28,27.38,27.9,27.29,27.6,10.941473298,63000,0.0000,1.0
2003-10-27,26.92,27.8,26.92,27.8,11.0207593364,30000,0.0000,1.0
2003-10-24,26.66,27.31,26.41,26.77,10.6124362387,71000,0.0000,1.0
2003-10-23,26.88,27.2,26.65,26.7,10.5846861252,65100,0.0000,1.0
2003-10-22,27.59,27.59,26.86,26.89,10.6600078617,83500,0.0000,1.0
2003-10-21,27.92,28.0,27.2,27.6,10.941473298,44900,0.0000,1.0
2003-10-20,27.94,28.16,27.5,27.96,11.0841881671,64800,0.0000,1.0
2003-10-17,28.09,28.2,27.39,27.499,10.9014338486,69700,0.0000,1.0
2003-10-16,28.04,28.15,27.72,27.98,11.0921167709,100300,0.0000,1.0
2003-10-15,28.21,28.24,27.95,28.11,11.1436526959,39300,0.0000,1.0
2003-10-14,27.99,28.26,27.37,28.04,11.1159025824,68800,0.0000,1.0
2003-10-13,27.35,28.2,27.35,27.88,11.0524737517,60100,0.0000,1.0
2003-10-10,27.5,27.75,27.22,27.5,10.9018302788,85300,0.0000,1.0
2003-10-09,27.605,28.0,27.21,27.99,11.0960810728,103000,0.0000,1.0
2003-10-08,27.79,28.19,27.52,27.77,11.0088664306,42200,0.0000,1.0
2003-10-07,27.53,27.99,27.43,27.91,11.0643666575,37300,0.0000,1.0
2003-10-06,28.0,28.1,27.361,27.43,10.8740801653,103800,0.0000,1.0
2003-10-03,26.49,28.07,26.36,28.0,11.1000453748,148800,0.0000,1.0
2003-10-02,26.84,27.09,26.401,26.63,10.5569360118,75700,0.0000,1.0
2003-10-01,25.92,26.84,25.62,26.77,10.6124362387,76200,0.0000,1.0
2003-09-30,26.37,26.37,25.55,25.89,10.2635776697,132300,0.0000,1.0
2003-09-29,25.48,26.38,25.3,26.38,10.4578284638,82000,0.0000,1.0
2003-09-26,26.3,26.44,25.35,25.6,10.1486129141,89400,0.0000,1.0
2003-09-25,27.0,27.27,26.37,26.37,10.4538641619,127700,0.0000,1.0
2003-09-24,27.0,27.38,26.98,27.13,10.7551511078,79300,0.0000,1.0
2003-09-23,27.59,27.59,27.0,27.12,10.7511868058,50100,0.0000,1.0
2003-09-22,27.49,27.6,26.99,27.59,10.9375089961,73000,0.0000,1.0
2003-09-19,26.96,27.54,26.96,27.5,10.9018302788,76600,0.0000,1.0
2003-09-18,26.96,27.5,26.96,27.5,10.9018302788,62100,0.0000,1.0
2003-09-17,27.42,27.42,27.0,27.0,10.7036151828,40700,0.0000,1.0
2003-09-16,27.11,27.4,26.72,27.4,10.8621872596,55300,0.0000,1.0
2003-09-15,26.76,27.19,26.76,27.17,10.7710083154,52800,0.0000,1.0
2003-09-12,26.86,27.13,26.12,26.77,10.6124362387,94300,0.0000,1.0
2003-09-11,26.2,27.01,26.051,26.99,10.6996508809,166600,0.0000,1.0
2003-09-10,26.1,26.67,25.98,26.29,10.4221497465,101900,0.0000,1.0
2003-09-09,27.0,27.35,26.01,26.13,10.3587209158,67300,0.0000,1.0
2003-09-08,26.89,27.559,26.15,27.15,10.7630797116,90100,0.0000,1.0
2003-09-05,27.18,27.29,26.5,26.729,10.5961826008,203200,0.0000,1.0
2003-09-04,27.3,27.66,26.67,27.2,10.7829012212,288600,0.0000,1.0
2003-09-03,25.85,26.56,25.75,26.2,10.3864710292,166900,0.0000,1.0
2003-09-02,24.45,26.24,24.37,26.24,10.4023282369,83000,0.0000,1.0
2003-08-29,25.96,25.96,24.81,24.87,9.85921887394,56900,0.0000,1.0
2003-08-28,25.05,25.85,24.74,25.14,9.96625502577,148000,0.0000,1.0
2003-08-27,23.9,25.0,23.5,24.39,9.6689323818,130300,0.1550,1.0
2003-08-26,23.75,23.94,23.3,23.94,9.43060669058,202900,0.0000,1.0
2003-08-25,24.38,24.4,23.75,23.75,9.35576060574,65200,0.0000,1.0
2003-08-22,25.25,25.25,23.81,24.04,9.46999936682,69200,0.0000,1.0
2003-08-21,24.75,25.44,24.741,25.02,9.85604759392,47400,0.0000,1.0
2003-08-20,25.43,25.45,24.7,24.98,9.84029052342,85600,0.0000,1.0
2003-08-19,24.45,25.438,23.801,25.438,10.0207089806,121400,0.0000,1.0
2003-08-18,23.99,24.51,23.75,24.5,9.6512056775,44100,0.0000,1.0
2003-08-15,23.73,24.45,23.73,23.89,9.41091035246,14600,0.0000,1.0
2003-08-14,23.75,24.09,23.4,24.06,9.47787790206,35300,0.0000,1.0
2003-08-13,23.22,23.6,23.22,23.6,9.29667159138,27600,0.0000,1.0
2003-08-12,23.47,23.59,23.21,23.39,9.21394697129,49500,0.0000,1.0
2003-08-11,23.0,23.34,22.65,23.34,9.19425063317,42600,0.0000,1.0
2003-08-08,23.18,23.24,23.0,23.0,9.06031553398,41100,0.0000,1.0
2003-08-07,23.45,23.52,22.9,23.23,9.15091868932,40900,0.0000,1.0
2003-08-06,23.32,23.89,23.11,23.47,9.24546111228,52200,0.0000,1.0
2003-08-05,24.1,24.24,23.5,23.83,9.38727474672,65700,0.0000,1.0
2003-08-04,23.55,24.4,23.25,24.26,9.55666325453,61900,0.0000,1.0
2003-08-01,23.8,24.299,23.4,23.42,9.22576477416,53300,0.0000,1.0
2003-07-31,25.38,25.38,23.95,24.16,9.5172705783,75800,0.0000,1.0
2003-07-30,23.89,24.5,23.55,24.24,9.54878471929,147900,0.0000,1.0
2003-07-29,23.85,24.4,23.801,24.14,9.50939204305,39400,0.0000,1.0
2003-07-28,24.01,24.52,23.65,24.4,9.61181300126,91500,0.0000,1.0
2003-07-25,23.78,24.5,23.61,23.91,9.41878888771,143900,0.0000,1.0
2003-07-24,23.4,24.51,23.4,24.02,9.46212083157,94600,0.0000,1.0
2003-07-23,23.69,24.2,23.29,24.05,9.47393863444,114200,0.0000,1.0
2003-07-22,24.3,24.51,23.45,24.1,9.49363497256,85500,0.0000,1.0
2003-07-21,24.6,24.98,23.86,24.03,9.46606009919,70200,0.0000,1.0
2003-07-18,24.13,25.3,24.13,25.14,9.9033188054,74900,0.0000,1.0
2003-07-17,24.24,24.71,24.0,24.41,9.61575226889,104700,0.0000,1.0
2003-07-16,24.24,24.73,23.86,24.35,9.59211666314,67000,0.0000,1.0
2003-07-15,24.63,24.87,24.0,24.24,9.54878471929,81500,0.0000,1.0
2003-07-14,24.1,25.0,24.1,24.66,9.71423395947,58000,0.0000,1.0
2003-07-11,24.15,25.6,23.6,24.83,9.78120150907,54600,0.0000,1.0
2003-07-10,24.1,24.54,24.05,24.49,9.64726640987,63200,0.0000,1.0
2003-07-09,24.41,24.82,23.98,24.49,9.64726640987,113300,0.0000,1.0
2003-07-08,24.07,25.0,23.95,24.84,9.78514077669,121500,0.0000,1.0
2003-07-07,24.75,24.95,24.04,24.29,9.5684810574,100600,0.0000,1.0
2003-07-03,24.53,24.581,23.76,24.07,9.48181716969,85400,0.0000,1.0
2003-07-02,23.58,24.54,23.25,24.49,9.64726640987,95700,0.0000,1.0
2003-07-01,23.58,24.38,23.38,23.8,9.37545694385,173900,0.0000,1.0
2003-06-30,24.1,24.89,23.58,24.49,9.64726640987,185200,0.0000,1.0
2003-06-27,24.41,24.85,24.11,24.33,9.5842381279,89600,0.0000,1.0
2003-06-26,24.3,24.9,23.49,24.47,9.63938787463,123900,0.0000,1.0
2003-06-25,24.24,24.9,23.16,24.03,9.46606009919,175300,0.0000,1.0
2003-06-24,24.48,24.9,24.22,24.69,9.72605176234,74800,0.0000,1.0
2003-06-23,24.97,24.97,24.0,24.08,9.48575643731,77500,0.0000,1.0
2003-06-20,24.25,25.0,22.87,24.9,9.80877638244,134600,0.0000,1.0
2003-06-19,24.12,25.0,23.8,23.89,9.41091035246,118300,0.0000,1.0
2003-06-18,24.1,24.9,23.95,24.26,9.55666325453,61700,0.0000,1.0
2003-06-17,24.26,24.65,24.05,24.38,9.60393446601,80900,0.0000,1.0
2003-06-16,24.12,24.98,23.591,24.87,9.79695857956,126800,0.0000,1.0
2003-06-13,23.52,24.2,23.52,24.05,9.47393863444,49200,0.0000,1.0
2003-06-12,23.7,24.25,23.62,23.88,9.40697108484,58100,0.0000,1.0
2003-06-11,22.5,24.24,22.48,24.0,9.45424229632,102700,0.0000,1.0
2003-06-10,23.29,23.81,22.4,23.72,9.34394280287,94800,0.0000,1.0
2003-06-09,23.43,23.78,22.69,23.19,9.13516161882,120200,0.0000,1.0
2003-06-06,23.86,24.66,23.36,23.43,9.22970404179,86200,0.0000,1.0
2003-06-05,23.82,23.82,22.79,23.67,9.32424646475,83000,0.0000,1.0
2003-06-04,22.75,23.84,22.28,23.749,9.35536667897,137700,0.1500,1.0
2003-06-03,23.4,23.6,22.555,22.69,8.8820984119,133800,0.0000,1.0
2003-06-02,23.75,24.01,23.38,23.46,9.1835182346,74900,0.0000,1.0
2003-05-30,24.71,24.8,23.61,23.75,9.29703998601,116600,0.0000,1.0
2003-05-29,24.33,24.51,23.61,24.13,9.44579262579,151400,0.0000,1.0
2003-05-28,25.04,25.14,23.94,24.69,9.6650070423,117900,0.0000,1.0
2003-05-27,24.93,25.51,24.66,25.36,9.92728143348,37900,0.0000,1.0
2003-05-23,24.52,25.05,24.43,25.0,9.78635788001,35400,0.0000,1.0
2003-05-22,24.63,25.1,24.52,24.62,9.63760524023,67700,0.0000,1.0
2003-05-21,24.82,25.04,24.66,24.8,9.70806701697,47300,0.0000,1.0
2003-05-20,25.5,25.61,25.0,25.14,9.84116148414,43100,0.0000,1.0
2003-05-19,25.75,25.86,25.4899,25.5,9.98208503761,71900,0.0000,1.0
2003-05-16,25.75,26.0,25.7,25.87,10.1269231342,128800,0.0000,1.0
2003-05-15,25.97,26.051,25.68,25.741,10.0764255276,119700,0.0000,1.0
2003-05-14,25.73,25.91,25.71,25.91,10.1425813068,37500,0.0000,1.0
2003-05-13,25.73,26.0,25.7,25.77,10.0877777027,35200,0.0000,1.0
2003-05-12,25.53,26.0,25.53,25.97,10.1660685658,32700,0.0000,1.0
2003-05-09,25.26,25.8,24.96,25.7,10.0603759006,129400,0.0000,1.0
2003-05-08,25.48,25.48,24.96,25.09,9.82158876838,22000,0.0000,1.0
2003-05-07,25.18,25.59,25.16,25.31,9.90770871772,47800,0.0000,1.0
2003-05-06,25.33,25.81,25.33,25.52,9.98991412391,85100,0.0000,1.0
2003-05-05,25.28,25.76,25.19,25.6,10.0212304691,178500,0.0000,1.0
2003-05-02,24.97,25.58,24.89,25.5,9.98208503761,55700,0.0000,1.0
2003-05-01,25.26,25.44,24.78,25.149,9.84468457297,56100,0.0000,1.0
2003-04-30,25.07,25.59,25.07,25.26,9.88813600196,93000,0.0000,1.0
2003-04-29,25.58,25.7,25.23,25.28,9.89596508827,69600,0.0000,1.0
2003-04-28,25.14,25.57,25.14,25.47,9.97034140815,79200,0.0000,1.0
2003-04-25,24.98,25.27,24.84,25.08,9.81767422523,33500,0.0000,1.0
2003-04-24,25.19,25.49,24.89,25.08,9.81767422523,59200,0.0000,1.0
2003-04-23,25.4,25.4,24.9,25.25,9.88422145881,46400,0.0000,1.0
2003-04-22,24.95,25.5,24.95,25.37,9.93119597663,50800,0.0000,1.0
2003-04-21,24.7,25.19,24.7,25.19,9.8607341999,51100,0.0000,1.0
2003-04-17,25.309,26.14,24.72,24.73,9.68066521491,72400,0.0000,1.0
2003-04-16,25.35,25.73,24.82,25.31,9.90770871772,56400,0.0000,1.0
2003-04-15,25.0,25.329,24.8,25.139,9.84077002982,77400,0.0000,1.0
2003-04-14,24.46,25.51,24.15,25.23,9.87639237251,112100,0.0000,1.0
2003-04-11,25.5,25.81,24.36,24.66,9.65326341284,95600,0.0000,1.0
2003-04-10,25.0,25.31,24.93,25.15,9.84507602729,66400,0.0000,1.0
2003-04-09,25.58,25.87,25.32,25.59,10.017315926,72600,0.0000,1.0
2003-04-08,26.12,26.37,25.651,25.78,10.0916922459,69200,0.0000,1.0
2003-04-07,26.0,27.03,25.95,26.109,10.2204807156,69900,0.0000,1.0
2003-04-04,26.04,26.5,25.51,26.01,10.1817267384,59100,0.0000,1.0
2003-04-03,25.69,26.36,25.3,25.54,9.99774321022,95400,0.0000,1.0
2003-04-02,24.41,26.0,24.4,25.689,10.0560699032,127000,0.0000,1.0
2003-04-01,24.05,24.63,24.02,24.25,9.49276714361,107400,0.0000,1.0
2003-03-31,25.26,25.27,23.96,24.09,9.43013445318,114600,0.0000,1.0
2003-03-28,25.86,26.16,25.39,25.42,9.95076869239,79000,0.0000,1.0
2003-03-27,25.25,26.28,24.86,25.91,10.1425813068,71200,0.0000,1.0
2003-03-26,25.47,25.69,25.06,25.06,9.80984513892,61200,0.0000,1.0
2003-03-25,25.26,26.23,24.94,25.66,10.044717728,79600,0.0000,1.0
2003-03-24,26.51,26.76,25.21,25.33,9.91553780403,63000,0.0000,1.0
2003-03-21,24.91,26.75,24.8,26.66,10.4361720432,213800,0.0000,1.0
2003-03-20,25.01,25.22,24.54,24.99,9.78244333686,114000,0.0000,1.0
2003-03-19,24.41,25.33,24.4,25.12,9.83333239783,88800,0.0000,1.0
2003-03-18,25.23,25.25,24.66,24.96,9.7706997074,83700,0.0000,1.0
2003-03-17,24.7,25.11,24.63,25.11,9.82941785468,99200,0.0000,1.0
2003-03-14,24.72,24.96,24.65,24.73,9.68066521491,59000,0.0000,1.0
2003-03-13,24.45,24.99,24.45,24.75,9.68849430121,78500,0.0000,1.0
2003-03-12,24.0,24.58,23.7,24.34,9.52799803198,94300,0.0000,1.0
2003-03-11,23.65,24.25,23.65,23.92,9.36358721959,73500,0.0000,1.0
2003-03-10,24.05,24.1,23.7,23.71,9.2813818134,63700,0.0000,1.0
2003-03-07,24.15,24.3,23.69,24.1,9.43404899633,139900,0.0000,1.0
2003-03-06,24.12,24.47,24.08,24.17,9.46145079839,131500,0.0000,1.0
2003-03-05,24.23,24.34,23.86,24.22,9.48102351415,100900,0.0000,1.0
2003-03-04,24.16,24.75,24.16,24.28,9.50451077307,131300,0.0000,1.0
2003-03-03,23.79,24.54,23.76,24.25,9.49276714361,147100,0.0000,1.0
2003-02-28,23.37,24.55,23.37,23.93,9.36750176275,153500,0.0000,1.0
2003-02-27,22.05,23.66,22.05,23.41,9.16394551884,108300,0.0000,1.0
2003-02-26,22.64,22.81,22.11,22.19,8.6863712543,57800,0.0000,1.0
2003-02-25,21.68,22.68,21.68,22.61,8.85078206668,61500,0.0000,1.0
2003-02-24,22.0,22.23,21.69,21.85,8.55327678713,40400,0.0000,1.0
2003-02-21,21.96,22.23,21.84,22.2,8.69028579745,94500,0.0000,1.0
2003-02-20,21.5,22.29,21.5,21.92,8.58067858919,83000,0.0000,1.0
2003-02-19,21.55,21.99,21.14,21.5,8.41626777681,73000,0.1500,1.0
2003-02-18,21.53,22.25,21.35,22.24,8.64562565156,56700,0.0000,1.0
2003-02-14,21.0,21.67,21.0,21.47,8.3462941879,91600,0.0000,1.0
2003-02-13,20.74,21.19,20.52,21.01,8.16747279403,58400,0.0000,1.0
2003-02-12,20.78,21.36,20.64,20.72,8.05473756746,40500,0.0000,1.0
2003-02-11,21.0,21.65,20.78,21.16,8.22578411812,67700,0.0000,1.0
2003-02-10,21.2,21.37,20.65,21.11,8.20634701009,75500,0.0000,1.0
2003-02-07,22.0,22.22,21.23,21.26,8.26465833418,32300,0.0000,1.0
2003-02-06,21.49,21.98,21.49,21.95,8.53289042499,31800,0.0000,1.0
2003-02-05,21.57,22.42,21.44,21.52,8.36573129593,37800,0.0000,1.0
2003-02-04,21.77,21.87,21.65,21.81,8.4784665225,37800,0.0000,1.0
2003-02-03,21.9,22.33,21.71,21.91,8.51734073856,47100,0.0000,1.0
2003-01-31,21.61,22.2,21.5,22.1,8.59120174907,63700,0.0000,1.0
2003-01-30,22.33,22.65,21.46,21.67,8.42404262002,60800,0.0000,1.0
2003-01-29,22.0,22.31,21.85,22.18,8.62230112192,76000,0.0000,1.0
2003-01-28,22.0,22.31,21.85,22.18,8.62230112192,58700,0.0000,1.0
2003-01-27,21.75,22.23,21.75,22.03,8.56398979783,76100,0.0000,1.0
2003-01-24,22.64,22.77,21.79,21.79,8.47069167929,58600,0.0000,1.0
2003-01-23,22.55,22.73,22.3,22.72,8.83222188864,59400,0.0000,1.0
2003-01-22,23.15,23.26,22.35,22.43,8.71948666207,40600,0.0000,1.0
2003-01-21,23.5,23.62,23.21,23.28,9.04991749857,49000,0.0000,1.0
2003-01-17,24.27,24.27,23.51,23.51,9.13932819551,105700,0.0000,1.0
2003-01-16,24.58,25.23,24.3,24.3,9.44643450238,51100,0.0000,1.0
2003-01-15,24.95,24.98,24.43,24.69,9.59804394501,31600,0.0000,1.0
2003-01-14,24.44,24.929,24.31,24.92,9.68745464194,49300,0.0000,1.0
2003-01-13,24.53,24.88,24.26,24.38,9.47753387522,65300,0.0000,1.0
2003-01-10,25.19,25.25,24.31,24.66,9.58638168019,98000,0.0000,1.0
2003-01-09,24.46,25.25,24.45,25.1,9.75742823085,74400,0.0000,1.0
2003-01-08,25.12,25.24,24.47,24.47,9.51252066968,78100,0.0000,1.0
2003-01-07,25.05,25.34,24.72,25.23,9.80796471173,92500,0.0000,1.0
2003-01-06,24.95,25.42,24.91,25.25,9.81573955494,121900,0.0000,1.0
2003-01-03,25.07,25.21,24.35,24.99,9.71466659318,83600,0.0000,1.0
2003-01-02,24.81,25.29,24.67,25.0,9.71855401479,72900,0.0000,1.0
2002-12-31,24.57,25.22,24.56,24.83,9.65246784749,115900,0.0000,1.0
2002-12-30,24.07,24.65,23.86,24.33,9.45809676719,88200,0.0000,1.0
2002-12-27,24.04,24.39,23.61,24.33,9.45809676719,74900,0.0000,1.0
2002-12-26,24.0,24.66,23.78,24.36,9.46975903201,72200,0.0000,1.0
2002-12-24,24.03,24.6,24.02,24.08,9.36091122705,40400,0.0000,1.0
2002-12-23,23.28,24.51,23.28,24.51,9.5280703561,282300,0.0000,1.0
2002-12-20,23.6,23.6,23.13,23.41,9.10045397945,245800,0.0000,1.0
2002-12-19,23.94,23.95,23.29,23.45,9.11600366587,215800,0.0000,1.0
2002-12-18,24.21,24.21,23.5,23.77,9.24040115726,89400,0.0000,1.0
2002-12-17,24.75,24.76,24.04,24.26,9.43088481595,103400,0.0000,1.0
2002-12-16,23.43,25.52,23.39,25.0,9.71855401479,141600,0.0000,1.0
2002-12-13,24.51,24.81,23.47,23.67,9.2015269412,84000,0.0000,1.0
2002-12-12,25.9,26.0,24.3,24.61,9.56694457216,281000,0.0000,1.0
2002-12-11,26.25,26.75,25.98,26.09,10.1422829698,80700,0.1500,1.0
2002-12-10,25.84,26.57,25.66,26.41,10.207991358,124600,0.0000,1.0
2002-12-09,27.52,27.52,25.89,25.91,10.0147313929,94900,0.0000,1.0
2002-12-06,27.19,27.84,26.87,27.78,10.7375236624,101900,0.0000,1.0
2002-12-05,27.25,27.68,27.1,27.25,10.5326680994,102200,0.0000,1.0
2002-12-04,27.12,27.54,26.85,27.29,10.5481288966,48200,0.0000,1.0
2002-12-03,27.25,27.37,26.99,27.14,10.4901509071,55300,0.0000,1.0
2002-12-02,27.21,27.86,27.07,27.26,10.5365332987,159500,0.0000,1.0
2002-11-29,27.24,27.76,27.23,27.36,10.5751852917,35300,0.0000,1.0
2002-11-27,26.46,27.13,25.86,27.13,10.4862857078,126800,0.0000,1.0
2002-11-26,26.75,27.45,25.96,26.4,10.2041261587,92400,0.0000,1.0
2002-11-25,26.36,27.15,26.1,27.1,10.4746901099,67900,0.0000,1.0
2002-11-22,25.75,26.58,25.75,26.53,10.2543737496,54400,0.0000,1.0
2002-11-21,25.89,26.55,25.88,26.55,10.2621041482,55300,0.0000,1.0
2002-11-20,24.82,25.98,24.82,25.98,10.041787788,37100,0.0000,1.0
2002-11-19,25.3,25.45,24.68,24.84,9.60115506748,38700,0.0000,1.0
2002-11-18,25.01,25.62,24.8,24.96,9.64753745911,56300,0.0000,1.0
2002-11-15,24.93,25.76,24.88,25.17,9.72870664446,137000,0.0000,1.0
2002-11-14,25.0,25.75,24.74,25.0,9.66299825632,144100,0.0000,1.0
2002-11-13,25.17,26.07,24.65,24.69,9.54317707794,114700,0.0000,1.0
2002-11-12,25.6,26.11,25.4,25.61,9.89877541378,103200,0.0000,1.0
2002-11-11,26.73,26.99,25.54,25.72,9.9412926061,63100,0.0000,1.0
2002-11-08,26.72,27.3,26.72,26.83,10.3703297287,37400,0.0000,1.0
2002-11-07,26.1,27.38,26.1,27.18,10.5056117043,71100,0.0000,1.0
2002-11-06,26.54,27.25,26.0,27.22,10.5210725015,37400,0.0000,1.0
2002-11-05,26.11,26.61,26.05,26.55,10.2621041482,26200,0.0000,1.0
2002-11-04,26.35,26.81,25.57,26.09,10.0843049803,70600,0.0000,1.0
2002-11-01,25.53,26.37,25.53,26.27,10.1538785677,83700,0.0000,1.0
2002-10-31,25.3,26.6,25.3,25.91,10.0147313929,74200,0.0000,1.0
2002-10-30,24.99,25.8,24.84,25.7,9.9335622075,55800,0.0000,1.0
2002-10-29,24.99,25.02,24.22,24.96,9.64753745911,63000,0.0000,1.0
2002-10-28,24.96,25.1,24.36,24.65,9.52771628073,42300,0.0000,1.0
2002-10-25,24.45,25.0,23.99,24.96,9.64753745911,38100,0.0000,1.0
2002-10-24,24.75,24.92,24.15,24.24,9.36924310933,50700,0.0000,1.0
2002-10-23,24.98,24.98,23.85,24.3,9.39243430514,82300,0.0000,1.0
2002-10-22,25.01,25.01,24.41,24.51,9.4736034905,51100,0.0000,1.0
2002-10-21,24.27,25.15,23.86,25.15,9.72097624586,53600,0.0000,1.0
2002-10-18,24.86,25.0,24.29,24.3,9.39243430514,62300,0.0000,1.0
2002-10-17,23.36,24.87,23.36,24.86,9.60888546609,45200,0.0000,1.0
2002-10-16,24.48,24.59,23.41,23.54,9.09867915815,44200,0.0000,1.0
2002-10-15,22.45,24.48,22.45,24.48,9.46200789259,48800,0.0000,1.0
2002-10-14,23.2,23.28,22.29,22.41,8.66191163697,41900,0.0000,1.0
2002-10-11,22.93,23.46,22.58,23.26,8.99045357768,36300,0.0000,1.0
2002-10-10,21.45,22.72,21.4,22.72,8.78173281534,56100,0.0000,1.0
2002-10-09,22.16,22.68,21.45,21.45,8.29085250392,92200,0.0000,1.0
2002-10-08,21.99,22.75,21.72,22.7,8.77400241674,66800,0.0000,1.0
2002-10-07,22.02,22.29,21.78,21.9,8.46478647254,87100,0.0000,1.0
2002-10-04,23.41,23.44,21.92,22.33,8.63099004255,54400,0.0000,1.0
2002-10-03,22.97,23.72,22.58,22.6,8.73535042371,65600,0.0000,1.0
2002-10-02,23.34,24.02,22.98,22.98,8.88222799721,90400,0.0000,1.0
2002-10-01,23.63,24.06,23.1,23.7,9.16052234699,113000,0.0000,1.0
2002-09-30,23.32,24.04,22.55,23.74,9.1759831442,85400,0.0000,1.0
2002-09-27,24.36,24.59,23.1,23.39,9.04070116861,70500,0.0000,1.0
2002-09-26,23.68,24.56,23.3,24.32,9.40016470375,51900,0.0000,1.0
2002-09-25,22.88,23.71,22.88,23.71,9.1643875463,73900,0.0000,1.0
2002-09-24,23.06,23.17,22.64,22.99,8.88609319651,53600,0.0000,1.0
2002-09-23,23.25,24.17,23.01,23.07,8.91701479093,58400,0.0000,1.0
2002-09-20,23.51,24.04,23.3,24.0,9.27647832607,235800,0.0000,1.0
2002-09-19,23.67,24.3,23.2,24.0,9.27647832607,143600,0.0000,1.0
2002-09-18,23.51,24.38,23.37,24.12,9.3228607177,53700,0.0000,1.0
2002-09-17,24.3,24.44,23.69,24.03,9.28807392398,70700,0.0000,1.0
2002-09-16,23.49,24.43,23.49,24.0,9.27647832607,92500,0.0000,1.0
2002-09-13,24.0,24.33,23.5,24.23,9.36537791003,90000,0.0000,1.0
2002-09-12,24.1,24.47,23.54,24.0,9.27647832607,76500,0.0000,1.0
2002-09-11,24.47,24.65,24.01,24.19,9.34991711282,57600,0.0000,1.0
2002-09-10,24.33,24.49,23.51,24.46,9.45427749398,107500,0.0000,1.0
2002-09-09,23.4,24.32,23.14,24.18,9.34605191351,100200,0.0000,1.0
2002-09-06,22.9,23.69,22.9,23.69,9.15665714769,167900,0.0000,1.0
2002-09-05,22.45,23.4,22.45,23.07,8.91701479093,178800,0.0000,1.0
2002-09-04,22.25,23.14,22.15,23.13,8.94020598675,210700,0.0000,1.0
2002-09-03,22.43,22.67,21.93,22.54,8.7121592279,191000,0.0000,1.0
2002-08-30,22.59,23.04,22.43,22.9,8.85130640279,91700,0.0000,1.0
2002-08-29,22.02,22.96,21.72,22.6,8.73535042371,94300,0.0000,1.0
2002-08-28,22.81,22.94,21.98,22.46,8.68123763348,175600,0.1500,1.0
2002-08-27,23.89,24.55,22.91,23.1,8.86937591037,109100,0.0000,1.0
2002-08-26,23.75,24.48,23.15,23.91,9.18038000073,58000,0.0000,1.0
2002-08-23,24.16,24.3,23.12,23.91,9.18038000073,112700,0.0000,1.0
2002-08-22,25.56,25.73,23.81,24.15,9.27252936084,198600,0.0000,1.0
2002-08-21,25.17,25.75,24.67,25.55,9.8100672948,74300,0.0000,1.0
2002-08-20,25.75,25.94,25.11,25.44,9.76783217142,49400,0.0000,1.0
2002-08-19,24.87,26.0,24.87,25.76,9.89069798489,72900,0.0000,1.0
2002-08-16,24.61,25.26,24.06,25.13,9.64880591461,51400,0.0000,1.0
2002-08-15,24.79,24.9,24.43,24.61,9.44914896771,43800,0.0000,1.0
2002-08-14,23.64,24.77,22.83,24.77,9.51058187445,112100,0.0000,1.0
2002-08-13,23.68,24.77,23.66,23.66,9.08439108395,68700,0.0000,1.0
2002-08-12,24.5,24.5,23.68,24.14,9.26868980417,48300,0.0000,1.0
2002-08-09,24.1,24.65,23.62,24.53,9.41843251434,132600,0.0000,1.0
2002-08-08,23.77,24.5,23.3,24.47,9.39539517431,53000,0.0000,1.0
2002-08-07,23.69,23.76,22.71,23.73,9.11126798065,109600,0.0000,1.0
2002-08-06,22.35,23.6,22.35,23.14,8.88473413705,158600,0.0000,1.0
2002-08-05,22.79,23.87,22.3,22.31,8.56605093334,154800,0.0000,1.0
2002-08-02,23.25,24.5,22.88,22.91,8.79642433361,123300,0.0000,1.0
2002-08-01,23.03,24.61,23.03,23.86,9.16118221737,91000,0.0000,1.0
2002-07-31,23.76,24.8,23.15,24.1,9.25333157748,93000,0.0000,1.0
2002-07-30,23.11,24.75,23.1,24.42,9.37619739096,110000,0.0000,1.0
2002-07-29,23.39,24.49,23.05,24.18,9.28404803085,96700,0.0000,1.0
2002-07-26,23.77,23.8,22.58,23.0,8.83098034365,121200,0.0000,1.0
2002-07-25,22.41,23.73,22.22,23.5,9.02295817721,150300,0.0000,1.0
2002-07-24,22.53,23.13,21.31,23.07,8.85785724035,174000,0.0000,1.0
2002-07-23,22.25,22.7,21.92,21.93,8.42014777984,119300,0.0000,1.0
2002-07-22,23.71,23.72,22.12,22.4,8.60060694338,115800,0.0000,1.0
2002-07-19,23.35,23.42,22.5,22.91,8.79642433361,172400,0.0000,1.0
2002-07-18,23.39,23.7,22.75,23.16,8.89241325039,178600,0.0000,1.0
2002-07-17,22.15,23.53,22.15,23.28,8.93848793045,139500,0.0000,1.0
2002-07-16,22.32,23.06,21.56,22.47,8.62748384008,103100,0.0000,1.0
2002-07-15,22.5,22.93,21.45,22.81,8.7580287669,93300,0.0000,1.0
2002-07-12,22.7,23.9,22.37,22.84,8.76954743692,147600,0.0000,1.0
2002-07-11,23.8,24.48,22.71,23.26,8.9308088171,177600,0.0000,1.0
2002-07-10,24.6,25.14,23.81,23.96,9.19957778408,40200,0.0000,1.0
2002-07-09,24.77,25.67,24.65,24.93,9.57201478119,76500,0.0000,1.0
2002-07-08,25.14,25.3,24.87,24.87,9.54897744116,88100,0.0000,1.0
2002-07-05,24.2,25.71,24.2,25.6,9.82926507815,50400,0.0000,1.0
2002-07-03,24.3,25.62,23.59,24.35,9.34932049426,100800,0.0000,1.0
2002-07-02,24.1,25.55,24.05,24.49,9.40307428766,65100,0.0000,1.0
2002-07-01,25.01,26.21,23.7,24.97,9.58737300787,148500,0.0000,1.0
2002-06-28,25.43,27.14,23.84,24.66,9.46834675107,356000,0.0000,1.0
2002-06-27,25.22,26.26,24.94,25.89,9.94061222162,177100,0.0000,1.0
2002-06-26,25.12,25.78,24.73,25.66,9.85230241818,136400,0.0000,1.0
2002-06-25,26.25,26.65,25.0,25.21,9.67952236798,96500,0.0000,1.0
2002-06-24,26.51,26.69,25.31,26.05,10.0020451284,102400,0.0000,1.0
2002-06-21,25.96,27.79,25.45,26.36,10.1210713852,213600,0.0000,1.0
2002-06-20,26.75,27.3,26.59,26.61,10.2170603019,106400,0.0000,1.0
2002-06-19,26.4,28.23,26.26,26.96,10.3514447854,132800,0.0000,1.0
2002-06-18,26.96,28.0,26.95,27.29,10.4781501556,54200,0.0000,1.0
2002-06-17,26.9,28.46,26.9,27.41,10.5242248356,154900,0.0000,1.0
2002-06-14,27.0,27.01,26.41,26.91,10.3322470021,145600,0.0000,1.0
2002-06-13,26.89,27.5,26.71,27.01,10.3706425688,87800,0.0000,1.0
2002-06-12,26.9,27.18,26.65,27.09,10.4013590222,55900,0.0000,1.0
2002-06-11,27.1,27.66,26.9,26.9,10.3284074454,107100,0.0000,1.0
2002-06-10,26.65,27.51,26.65,27.21,10.4474337022,48000,0.0000,1.0
2002-06-07,26.45,27.29,25.88,27.26,10.4666314856,91600,0.0000,1.0
2002-06-06,27.7,28.0,26.48,26.62,10.2208998586,58200,0.0000,1.0
2002-06-05,27.34,27.87,27.34,27.87,10.7008444425,51300,0.1400,1.0
2002-06-04,27.33,27.58,26.87,27.34,10.4448799378,97000,0.0000,1.0
2002-06-03,28.29,28.75,27.39,27.51,10.5098261554,89300,0.0000,1.0
2002-05-31,28.78,29.25,28.17,28.46,10.8727609009,114300,0.0000,1.0
2002-05-30,29.16,29.16,28.23,28.79,10.9988329704,109900,0.0000,1.0
2002-05-29,29.68,29.9,29.0,29.21,11.1592883315,80700,0.0000,1.0
2002-05-28,30.31,30.31,29.66,30.0,11.4610972251,98300,0.0000,1.0
2002-05-24,30.1,31.19,30.1,30.49,11.6482951464,78100,0.0000,1.0
2002-05-23,30.1,30.76,29.88,30.74,11.74380429,95200,0.0000,1.0
2002-05-22,30.6,31.04,30.0,30.33,11.5871692946,54100,0.0000,1.0
2002-05-21,30.89,31.4,30.62,30.62,11.6979599011,39900,0.0000,1.0
2002-05-20,31.48,31.5,30.99,31.05,11.862235628,57400,0.0000,1.0
2002-05-17,31.55,31.55,30.57,31.01,11.846954165,80900,0.0000,1.0
2002-05-16,31.57,31.84,30.77,30.91,11.8087505076,63400,0.0000,1.0
2002-05-15,31.84,31.84,31.17,31.58,12.0647150123,111700,0.0000,1.0
2002-05-14,30.05,32.0,30.05,31.91,12.1907870818,92500,0.0000,1.0
2002-05-13,30.01,30.71,29.96,30.35,11.5948100261,56600,0.0000,1.0
2002-05-10,30.33,30.75,29.94,30.01,11.4649175908,84500,0.0000,1.0
2002-05-09,30.94,31.4,30.39,30.61,11.6941395353,72500,0.0000,1.0
2002-05-08,31.0,31.12,30.18,31.0,11.8431337993,69100,0.0000,1.0
2002-05-07,30.35,31.09,29.96,30.38,11.6062711233,33900,0.0000,1.0
2002-05-06,31.08,31.66,29.92,30.05,11.4801990538,46300,0.0000,1.0
2002-05-03,30.81,31.5,30.58,31.16,11.9042596511,90900,0.0000,1.0
2002-05-02,30.0,31.43,30.0,30.97,11.831672702,83500,0.0000,1.0
2002-05-01,30.62,30.72,29.75,30.43,11.625372952,92000,0.0000,1.0
2002-04-30,30.97,31.21,29.82,30.98,11.8354930678,104000,0.0000,1.0
2002-04-29,30.5,30.66,29.9,30.07,11.4878397853,149300,0.0000,1.0
2002-04-26,30.99,31.19,29.9,30.65,11.7094209983,101200,0.0000,1.0
2002-04-25,30.0,30.65,29.6,30.49,11.6482951464,121900,0.0000,1.0
2002-04-24,30.89,32.5,30.15,30.33,11.5871692946,152600,0.0000,1.0
2002-04-23,30.94,31.5,30.84,31.14,11.8966189197,77300,0.0000,1.0
2002-04-22,31.75,32.3,30.8,30.94,11.8202116048,107900,0.0000,1.0
2002-04-19,32.94,32.94,31.85,32.21,12.305398054,38400,0.0000,1.0
2002-04-18,32.99,32.99,31.77,32.07,12.2519129336,42300,0.0000,1.0
2002-04-17,33.28,33.4,32.28,32.28,12.3321406142,153700,0.0000,1.0
2002-04-16,31.36,33.33,31.36,33.32,12.7294586513,92100,0.0000,1.0
2002-04-15,31.52,32.5,31.45,31.59,12.068535378,75200,0.0000,1.0
2002-04-12,31.32,32.0,31.27,31.89,12.1831463503,113900,0.0000,1.0
2002-04-11,31.97,32.24,31.5,31.8,12.1487630586,101400,0.0000,1.0
2002-04-10,30.93,32.33,30.93,32.19,12.2977573225,106700,0.0000,1.0
2002-04-09,31.4,31.91,30.98,31.45,12.0150502577,95700,0.0000,1.0
2002-04-08,30.58,31.4,30.45,31.3,11.9577447715,60900,0.0000,1.0
2002-04-05,29.5,31.34,29.5,31.16,11.9042596511,111900,0.0000,1.0
2002-04-04,29.52,30.34,29.52,30.34,11.5909896603,46500,0.0000,1.0
2002-04-03,30.4,30.59,29.17,29.51,11.2738993038,74900,0.0000,1.0
2002-04-02,29.29,30.79,29.29,30.46,11.6368340492,94500,0.0000,1.0
2002-04-01,29.4,30.55,29.0,29.8,11.3846899103,70200,0.0000,1.0
2002-03-28,29.96,30.48,29.2,30.15,11.5184027112,73900,0.0000,1.0
2002-03-27,29.72,30.0,29.42,29.83,11.3961510075,103400,0.0000,1.0
2002-03-26,29.06,29.77,29.0,29.77,11.373228813,67400,0.0000,1.0
2002-03-25,29.34,29.75,29.26,29.41,11.2356956463,97900,0.0000,1.0
2002-03-22,29.45,29.91,29.06,29.5,11.270078938,49600,0.0000,1.0
2002-03-21,29.52,29.62,29.0,29.5,11.270078938,84600,0.0000,1.0
2002-03-20,29.99,29.99,29.55,29.82,11.3923306418,41800,0.0000,1.0
2002-03-19,29.63,30.0,29.15,29.92,11.4305342992,39800,0.0000,1.0
2002-03-18,29.01,29.63,29.01,29.63,11.3197436927,45900,0.0000,1.0
2002-03-15,28.7,29.7,28.7,29.55,11.2891807667,112000,0.0000,1.0
2002-03-14,29.41,29.41,29.0,29.09,11.1134439426,97200,0.0000,1.0
2002-03-13,29.25,29.37,28.66,29.01,11.0828810167,81900,0.0000,1.0
2002-03-12,29.34,29.46,29.0,29.0,11.0790606509,105200,0.0000,1.0
2002-03-11,29.09,29.31,28.83,29.31,11.1974919889,80000,0.0000,1.0
2002-03-08,29.19,29.35,28.83,29.15,11.1363661371,104000,0.0000,1.0
2002-03-07,29.02,29.53,28.9,29.04,11.0943421139,156600,0.0000,1.0
2002-03-06,27.8,29.82,27.79,29.61,11.3121029612,169100,0.0000,1.0
2002-03-05,28.23,28.39,27.21,27.9,10.6588204193,76800,0.0000,1.0
2002-03-04,26.96,28.23,26.96,28.17,10.7619702944,53900,0.0000,1.0
2002-03-01,27.45,27.45,26.95,27.26,10.4143170119,110500,0.0000,1.0
2002-02-28,26.92,27.49,26.9,27.23,10.4028559147,89200,0.0000,1.0
2002-02-27,27.7,28.0,26.65,27.44,10.4830835952,82500,0.0000,1.0
2002-02-26,26.74,27.69,26.74,27.34,10.4448799378,123100,0.0000,1.0
2002-02-25,26.71,27.95,26.7,27.62,10.5518501786,70100,0.0000,1.0
2002-02-22,26.65,27.47,26.45,27.43,10.4792632295,108600,0.0000,1.0
2002-02-21,26.96,27.23,26.6,26.79,10.234759822,84200,0.0000,1.0
2002-02-20,27.15,27.15,26.08,26.96,10.2997060396,145600,0.1400,1.0
2002-02-19,26.65,27.2,26.1,26.35,10.0146588245,192100,0.0000,1.0
2002-02-15,27.61,27.61,26.56,27.01,10.2655003738,103100,0.0000,1.0
2002-02-14,27.82,28.0,27.16,27.38,10.4061236666,181200,0.0000,1.0
2002-02-13,28.0,28.2,27.13,27.65,10.508740664,92700,0.0000,1.0
2002-02-12,27.7,28.11,26.69,28.0,10.6417626978,77500,0.0000,1.0
2002-02-11,27.47,27.83,27.1,27.51,10.4555318506,48000,0.0000,1.0
2002-02-08,26.89,27.76,26.46,27.7,10.5277438117,69500,0.0000,1.0
2002-02-07,26.9,26.9,26.5,26.64,10.124877081,89800,0.0000,1.0
2002-02-06,26.84,27.07,26.58,26.77,10.174285265,102700,0.0000,1.0
2002-02-05,26.2,27.0,26.2,26.81,10.1894877831,109400,0.0000,1.0
2002-02-04,26.5,26.72,26.11,26.2,9.95764938148,118500,0.0000,1.0
2002-02-01,26.85,26.85,26.0,26.4,10.0336619722,89100,0.0000,1.0
2002-01-31,26.52,27.12,26.17,26.45,10.0526651199,129200,0.0000,1.0
2002-01-30,26.0,26.7,26.0,26.6,10.1096745629,84200,0.0000,1.0
2002-01-29,26.8,27.05,25.55,26.0,9.88163679079,128400,0.0000,1.0
2002-01-28,25.1,26.8,25.1,26.31,9.99945630637,286400,0.0000,1.0
2002-01-25,25.05,25.3,25.05,25.19,9.57378579846,158600,0.0000,1.0
2002-01-24,25.21,25.25,24.94,25.1,9.53958013264,393200,0.0000,1.0
2002-01-23,25.2,25.2,24.27,25.2,9.57758642799,113000,0.0000,1.0
2002-01-22,25.2,25.5,24.37,24.37,9.26213417659,109800,0.0000,1.0
2002-01-18,25.39,25.6,25.0,25.15,9.55858328032,92000,0.0000,1.0
2002-01-17,25.79,25.79,25.26,25.44,9.66880153683,149400,0.0000,1.0
2002-01-16,25.51,25.69,24.85,25.02,9.50917509636,118000,0.0000,1.0
2002-01-15,25.39,26.0,25.37,25.55,9.71060846172,92500,0.0000,1.0
2002-01-14,26.15,26.35,24.97,25.54,9.70680783218,100100,0.0000,1.0
2002-01-11,26.7,26.84,26.16,26.41,10.0374626017,74900,0.0000,1.0
2002-01-10,26.75,27.25,26.54,26.57,10.0982726743,69400,0.0000,1.0
2002-01-09,26.81,27.6,26.8,26.94,10.2388959671,69400,0.0000,1.0
2002-01-08,27.4,27.6,26.8,27.1,10.2997060396,217000,0.0000,1.0
2002-01-07,28.0,28.5,27.35,27.42,10.4213261847,88600,0.0000,1.0
2002-01-04,27.85,28.05,27.4,27.68,10.5201425527,131200,0.0000,1.0
2002-01-03,28.5,28.5,26.3,27.85,10.5847532547,256500,0.0000,1.0
2002-01-02,26.25,26.78,26.0,26.52,10.0792695266,116200,0.0000,1.0
2001-12-31,26.2,26.99,25.7,26.41,10.0374626017,261000,0.0000,1.0
2001-12-28,26.29,26.42,25.71,26.12,9.92724434521,186900,0.0000,1.0
2001-12-27,26.0,26.5,25.82,26.45,10.0526651199,144000,0.0000,1.0
2001-12-26,26.2,26.65,25.68,26.05,9.90063993846,90100,0.0000,1.0
2001-12-24,26.33,26.35,26.13,26.13,9.93104497474,37900,0.0000,1.0
2001-12-21,25.35,26.31,25.34,26.22,9.96525064055,236100,0.0000,1.0
2001-12-20,26.0,26.44,25.71,25.74,9.78282042288,72400,0.0000,1.0
2001-12-19,26.8,26.81,25.97,26.14,9.93484560428,79300,0.0000,1.0
2001-12-18,26.88,27.16,26.35,27.0,10.2616997443,133700,0.0000,1.0
2001-12-17,25.23,26.88,24.95,26.86,10.2084909308,108900,0.0000,1.0
2001-12-14,24.96,25.85,24.68,25.4,9.65359901869,89900,0.0000,1.0
2001-12-13,25.22,25.81,24.39,24.83,9.4369631352,165800,0.0000,1.0
2001-12-12,25.36,25.83,25.1,25.4,9.65359901869,93500,0.1400,1.0
2001-12-11,25.25,25.96,25.25,25.41,9.60446167051,42900,0.0000,1.0
2001-12-10,25.71,26.0,25.41,25.49,9.63470003862,160000,0.0000,1.0
2001-12-07,25.51,25.99,25.24,25.81,9.75565351106,230600,0.0000,1.0
2001-12-06,25.95,25.95,25.28,25.89,9.78589187917,352800,0.0000,1.0
2001-12-05,24.19,24.99,24.15,24.93,9.42303146186,170000,0.0000,1.0
2001-12-04,23.93,24.5,23.9,24.19,9.14332655686,108800,0.0000,1.0
2001-12-03,24.5,24.5,23.85,24.03,9.08284982064,82800,0.0000,1.0
2001-11-30,24.74,24.84,24.12,24.16,9.13198716882,183000,0.0000,1.0
2001-11-29,24.16,24.85,24.05,24.85,9.39279309375,106900,0.0000,1.0
2001-11-28,24.5,24.5,24.04,24.04,9.08662961665,87200,0.0000,1.0
2001-11-27,24.8,25.0,23.81,24.47,9.24916084524,170000,0.0000,1.0
2001-11-26,24.01,24.85,24.01,24.85,9.39279309375,135000,0.0000,1.0
2001-11-23,24.8,24.8,23.5,24.55,9.27939921335,16000,0.0000,1.0
2001-11-21,24.26,24.26,23.51,24.06,9.09418920868,37600,0.0000,1.0
2001-11-20,24.48,24.61,24.25,24.25,9.16600533294,80900,0.0000,1.0
2001-11-19,24.01,24.59,23.98,24.57,9.28695880537,133000,0.0000,1.0
2001-11-16,24.2,24.55,24.0,24.0,9.0715104326,98700,0.0000,1.0
2001-11-15,24.24,24.5,24.08,24.1,9.10930839274,111600,0.0000,1.0
2001-11-14,23.8,24.45,23.8,24.05,9.09040941267,177100,0.0000,1.0
2001-11-13,24.02,24.25,23.35,23.84,9.01103369638,107500,0.0000,1.0
2001-11-12,23.64,24.5,23.5,23.81,8.99969430834,112000,0.0000,1.0
2001-11-09,23.52,24.33,23.43,24.19,9.14332655686,40400,0.0000,1.0
2001-11-08,23.94,24.5,23.53,23.53,8.89386001996,21100,0.0000,1.0
2001-11-07,23.94,24.06,23.51,23.84,9.01103369638,33900,0.0000,1.0
2001-11-06,23.7,24.29,23.06,24.08,9.10174880071,60500,0.0000,1.0
2001-11-05,23.26,23.83,22.8,23.18,8.76156715949,34600,0.0000,1.0
2001-11-02,22.66,23.6,22.65,23.07,8.71998940334,69500,0.0000,1.0
2001-11-01,22.9,23.08,22.16,23.01,8.69731062725,65300,0.0000,1.0
2001-10-31,22.9,23.42,22.43,22.43,8.47808245847,64700,0.0000,1.0
2001-10-30,23.97,23.97,22.95,22.98,8.68597123921,72700,0.0000,1.0
2001-10-29,24.24,24.25,23.6,23.7,8.95811655219,53300,0.0000,1.0
2001-10-26,23.38,25.0,23.31,24.71,9.33987594956,50800,0.0000,1.0
2001-10-25,23.59,24.75,22.9,24.4,9.22270227314,70800,0.0000,1.0
2001-10-24,22.95,24.05,22.95,23.88,9.02615288044,21100,0.0000,1.0
2001-10-23,23.87,24.51,22.95,22.95,8.67463185117,52100,0.0000,1.0
2001-10-22,24.01,24.05,23.05,23.98,9.06395084057,72100,0.0000,1.0
2001-10-19,23.26,23.9,22.59,23.66,8.94299736814,32500,0.0000,1.0
2001-10-18,23.48,23.96,23.17,23.77,8.98457512429,48200,0.0000,1.0
2001-10-17,24.7,24.7,23.47,23.47,8.87118124388,62700,0.0000,1.0
2001-10-16,24.13,24.97,23.7,24.97,9.43815064592,118600,0.0000,1.0
2001-10-15,23.3,24.8,23.3,24.8,9.37389411369,47700,0.0000,1.0
2001-10-12,24.21,24.99,23.07,23.84,9.01103369638,45900,0.0000,1.0
2001-10-11,23.33,24.7,23.2,24.53,9.27183962132,63100,0.0000,1.0
2001-10-10,23.2,23.4,22.91,23.33,8.81826409969,71600,0.0000,1.0
2001-10-09,23.67,23.67,22.43,23.15,8.75022777145,88800,0.0000,1.0
2001-10-08,24.19,24.19,22.96,23.58,8.91275900003,37300,0.0000,1.0
2001-10-05,23.82,23.82,22.25,23.24,8.78424593557,69400,0.0000,1.0
2001-10-04,24.4,24.4,22.32,23.65,8.93921757212,55400,0.0000,1.0
2001-10-03,24.18,24.18,21.54,22.52,8.51210062259,63800,0.0000,1.0
2001-10-02,21.85,22.15,21.21,22.15,8.37224817009,86400,0.0000,1.0
2001-10-01,21.65,21.85,21.1,21.85,8.25885428968,72300,0.0000,1.0
2001-09-28,21.85,21.93,20.95,21.85,8.25885428968,132800,0.0000,1.0
2001-09-27,21.6,21.95,21.26,21.9,8.27775326975,94500,0.0000,1.0
2001-09-26,22.64,22.64,21.05,21.46,8.11144224515,131100,0.0000,1.0
2001-09-25,22.0,22.73,21.87,22.19,8.38736735414,180200,0.0000,1.0
2001-09-24,20.88,22.21,20.67,22.21,8.39492694617,169700,0.0000,1.0
2001-09-21,21.68,21.68,20.87,21.14,7.99048877271,134900,0.0000,1.0
2001-09-20,23.16,23.16,21.38,21.5,8.1265614292,61400,0.0000,1.0
2001-09-19,24.27,24.27,22.7,23.25,8.78802573158,94500,0.0000,1.0
2001-09-18,23.51,24.4,23.32,23.77,8.98457512429,29100,0.0000,1.0
2001-09-17,24.66,25.1,23.05,23.51,8.88630042793,69100,0.0000,1.0
2001-09-10,24.95,25.29,24.66,25.1,9.48728799409,65400,0.0000,1.0
2001-09-07,25.0,25.57,24.9,24.96,9.4343708499,50800,0.0000,1.0
2001-09-06,25.79,25.8,24.9,25.22,9.53264554626,101000,0.0000,1.0
2001-09-05,25.82,26.08,25.56,25.8,9.75187371504,75200,0.0000,1.0
2001-09-04,25.99,26.7,25.8,25.81,9.75565351106,73600,0.0000,1.0
2001-08-31,26.54,26.6,26.03,26.04,9.84258881937,79800,0.0000,1.0
2001-08-30,26.61,26.89,26.3,26.36,9.96354229181,41400,0.0000,1.0
2001-08-29,27.1,27.1,26.35,26.61,10.0580371921,74300,0.1400,1.0
2001-08-28,27.15,27.37,26.55,27.0,10.1520375397,49500,0.0000,1.0
2001-08-27,27.26,27.82,27.14,27.3,10.2648379568,94200,0.0000,1.0
2001-08-24,27.45,27.85,26.82,27.5,10.3400382349,162000,0.0000,1.0
2001-08-23,27.11,28.77,27.1,27.25,10.2460378873,88500,0.0000,1.0
2001-08-22,27.36,28.0,27.25,28.0,10.5280389301,127400,0.0000,1.0
2001-08-21,27.51,27.91,27.25,27.45,10.3212381654,195300,0.0000,1.0
2001-08-20,26.31,27.5,26.31,27.39,10.298678082,104900,0.0000,1.0
2001-08-17,27.35,27.35,26.01,26.73,10.0505171643,43200,0.0000,1.0
2001-08-16,26.5,27.44,26.21,27.3,10.2648379568,76700,0.0000,1.0
2001-08-15,27.01,27.19,26.41,27.16,10.2121977622,61000,0.0000,1.0
2001-08-14,26.0,27.3,26.0,26.8,10.0768372617,131100,0.0000,1.0
2001-08-13,26.62,26.77,25.79,26.74,10.0542771782,51400,0.0000,1.0
2001-08-10,26.26,26.62,25.83,26.22,9.85875645525,61500,0.0000,1.0
2001-08-09,25.5,26.62,25.32,26.61,10.0053969975,65900,0.0000,1.0
2001-08-08,25.89,26.97,25.89,26.17,9.83995638574,27400,0.0000,1.0
2001-08-07,27.43,27.43,26.61,26.95,10.1332374702,66100,0.0000,1.0
2001-08-06,25.71,27.42,25.71,27.05,10.1708376093,82800,0.0000,1.0
2001-08-03,26.4,26.5,25.7,26.01,9.77979616328,52100,0.0000,1.0
2001-08-02,26.37,26.5,25.8,26.4,9.92643670552,51300,0.0000,1.0
2001-08-01,25.0,26.31,24.9,26.17,9.83995638574,56600,0.0000,1.0
2001-07-31,22.66,26.2,22.66,24.9,9.36243461998,158700,0.0000,1.0
2001-07-30,26.5,26.5,25.74,26.2,9.85123642745,58500,0.0000,1.0
2001-07-27,26.75,27.0,26.09,26.41,9.93019671942,35400,0.0000,1.0
2001-07-26,26.0,27.0,26.0,26.75,10.0580371921,79200,0.0000,1.0
2001-07-25,26.1,27.49,25.5,26.75,10.0580371921,47800,0.0000,1.0
2001-07-24,26.12,26.24,25.25,26.24,9.86627648306,34200,0.0000,1.0
2001-07-23,26.11,26.2,25.15,26.11,9.81739630231,47200,0.0000,1.0
2001-07-20,25.9,27.0,25.25,26.3,9.88883656648,67800,0.0000,1.0
2001-07-19,25.31,26.3,25.26,25.88,9.73091598253,28000,0.0000,1.0
2001-07-18,26.88,26.9,25.0,25.0,9.40003475901,46000,0.0000,1.0
2001-07-17,25.7,26.95,24.84,26.95,10.1332374702,37200,0.0000,1.0
2001-07-16,26.89,27.0,25.15,25.45,9.56923538468,57200,0.0000,1.0
2001-07-13,25.8,27.2,24.79,26.89,10.1106773868,42300,0.0000,1.0
2001-07-12,24.94,25.9,24.94,25.8,9.7008358713,66600,0.0000,1.0
2001-07-11,24.33,24.6,24.06,24.06,9.04659345207,78100,0.0000,1.0
2001-07-10,25.24,25.24,24.21,24.34,9.15187384138,71500,0.0000,1.0
2001-07-09,25.1,25.38,25.05,25.24,9.4902750927,156700,0.0000,1.0
2001-07-06,26.26,26.26,24.65,25.25,9.4940351066,130800,0.0000,1.0
2001-07-05,26.76,27.06,26.26,26.84,10.0918773173,51800,0.0000,1.0
2001-07-03,27.1,28.8,26.38,26.41,9.93019671942,52100,0.0000,1.0
2001-07-02,26.99,29.0,26.48,28.01,10.531798944,101300,0.0000,1.0
2001-06-29,27.68,28.0,23.31,26.5,9.96403684455,111200,0.0000,1.0
2001-06-28,26.49,27.74,26.22,27.73,10.4265185547,51200,0.0000,1.0
2001-06-27,26.71,27.5,26.09,26.5,9.96403684455,40800,0.0000,1.0
2001-06-26,26.08,27.06,26.0,26.14,9.82867634402,49700,0.0000,1.0
2001-06-25,26.68,26.92,25.95,26.15,9.83243635793,64400,0.0000,1.0
2001-06-22,26.69,27.08,26.35,26.66,10.024197067,56800,0.0000,1.0
2001-06-21,27.2,27.62,26.66,26.69,10.0354771087,68300,0.0000,1.0
2001-06-20,26.7,27.48,26.0,27.47,10.3287581932,86700,0.0000,1.0
2001-06-19,26.9,26.9,26.03,26.06,9.7985962328,68700,0.0000,1.0
2001-06-18,26.8,26.8,26.2,26.25,9.87003649696,52500,0.0000,1.0
2001-06-15,26.37,26.75,26.01,26.54,9.97907690017,133200,0.0000,1.0
2001-06-14,26.0,26.68,25.85,26.06,9.7985962328,33800,0.0000,1.0
2001-06-13,26.9,27.49,26.0,26.0,9.77603614937,30500,0.0000,1.0
2001-06-12,25.8,26.76,25.75,26.75,10.0580371921,41600,0.0000,1.0
2001-06-11,25.95,26.15,25.85,26.0,9.77603614937,95400,0.0000,1.0
2001-06-08,27.4,27.4,25.85,25.95,9.75723607986,48200,0.0000,1.0
2001-06-07,26.4,27.4,25.8,27.4,10.3024380959,41000,0.0000,1.0
2001-06-06,26.4,26.75,25.85,25.85,9.71963594082,55600,0.0000,1.0
2001-06-05,26.46,27.05,26.46,26.65,10.0204370531,43800,0.0000,1.0
2001-06-04,26.8,27.16,26.0,27.01,10.1557975536,40800,0.1400,1.0
2001-06-01,25.45,26.97,25.4,26.78,10.0173944194,41700,0.0000,1.0
2001-05-31,25.4,25.93,25.3,25.45,9.51989126115,92300,0.0000,1.0
2001-05-30,25.51,26.0,25.2,25.5,9.5385943874,50300,0.0000,1.0
2001-05-29,26.2,26.33,25.23,25.35,9.48248500865,77800,0.0000,1.0
2001-05-25,27.57,27.57,26.0,26.18,9.79295690439,53300,0.0000,1.0
2001-05-24,26.44,28.49,26.0,28.17,10.5373413291,149100,0.0000,1.0
2001-05-23,28.16,28.3,26.41,26.43,9.88647253564,75300,0.0000,1.0
2001-05-22,28.15,28.94,27.5,28.31,10.5897100826,121700,0.0000,1.0
2001-05-21,27.0,28.1,26.65,27.95,10.4550475736,88400,0.0000,1.0
2001-05-18,27.11,27.11,26.5,26.5,9.91265691239,28900,0.0000,1.0
2001-05-17,26.23,27.77,25.75,27.77,10.3877163191,47400,0.0000,1.0
2001-05-16,25.43,27.39,25.36,26.64,9.96502566589,49200,0.0000,1.0
2001-05-15,25.75,25.75,25.1,25.34,9.4787443834,60700,0.0000,1.0
2001-05-14,26.4,26.4,25.28,25.42,9.5086693854,31500,0.0000,1.0
2001-05-11,25.75,26.5,25.21,26.39,9.87151003464,37900,0.0000,1.0
2001-05-10,27.25,27.25,25.38,25.38,9.4937068844,45100,0.0000,1.0
2001-05-09,26.61,27.25,26.6,26.61,9.95380379014,18200,0.0000,1.0
2001-05-08,27.75,27.75,26.46,26.67,9.97624754164,34100,0.0000,1.0
2001-05-07,28.0,28.0,27.12,27.6,10.3241256899,24900,0.0000,1.0
2001-05-04,26.66,28.15,26.28,28.15,10.5298600786,84900,0.0000,1.0
2001-05-03,28.04,28.04,26.66,26.66,9.97250691639,47600,0.0000,1.0
2001-05-02,28.15,28.15,27.64,28.04,10.4887132009,21500,0.0000,1.0
2001-05-01,28.6,28.6,27.08,28.02,10.4812319504,74400,0.0000,1.0
2001-04-30,28.7,28.7,26.8,26.91,10.0660225476,92500,0.0000,1.0
2001-04-27,27.55,28.81,27.24,28.71,10.7393350926,46800,0.0000,1.0
2001-04-26,26.9,27.55,26.85,27.55,10.3054225636,79700,0.0000,1.0
2001-04-25,26.87,28.27,25.85,28.27,10.5747475816,97500,0.0000,1.0
2001-04-24,25.89,26.97,25.68,26.09,9.75929127714,47000,0.0000,1.0
2001-04-23,26.91,27.03,25.77,26.0,9.72562564989,113600,0.0000,1.0
2001-04-20,26.48,27.15,25.5,27.15,10.1557975536,76100,0.0000,1.0
2001-04-19,25.7,26.5,25.25,26.5,9.91265691239,51300,0.0000,1.0
2001-04-18,25.28,25.75,24.7,25.01,9.35530375015,62100,0.0000,1.0
2001-04-17,25.62,25.85,24.92,25.65,9.59470376614,37600,0.0000,1.0
2001-04-16,26.2,26.2,24.96,25.92,9.69570064789,46900,0.0000,1.0
2001-04-12,25.27,26.2,25.02,26.2,9.80043815489,26000,0.0000,1.0
2001-04-11,26.44,26.44,24.66,25.3,9.4637818824,78900,0.0000,1.0
2001-04-10,25.51,27.28,25.51,26.87,10.0510600466,48900,0.0000,1.0
2001-04-09,25.81,26.0,25.5,25.5,9.5385943874,18000,0.0000,1.0
2001-04-06,25.44,26.5,24.69,25.81,9.65455377014,55500,0.0000,1.0
2001-04-05,24.55,26.5,24.5,26.5,9.91265691239,37400,0.0000,1.0
2001-04-04,24.63,24.94,24.38,24.44,9.1420881109,44100,0.0000,1.0
2001-04-03,24.44,24.94,24.19,24.94,9.3291193734,106700,0.0000,1.0
2001-04-02,24.63,25.75,24.19,24.44,9.1420881109,105300,0.0000,1.0
2001-03-30,24.44,26.44,24.38,26.0,9.72562564989,119500,0.0000,1.0
2001-03-29,24.19,25.0,24.13,24.44,9.1420881109,51700,0.0000,1.0
2001-03-28,25.0,25.0,24.13,24.19,9.04857247965,110900,0.0000,1.0
2001-03-27,24.0,25.13,23.88,25.0,9.3515631249,170800,0.0000,1.0
2001-03-26,24.59,24.59,24.0,24.19,9.04857247965,139200,0.0000,1.0
2001-03-23,23.81,24.63,23.38,24.06,8.9999443514,113000,0.0000,1.0
2001-03-22,24.69,24.69,22.0,23.19,8.67450995465,216400,0.0000,1.0
2001-03-21,25.13,25.13,24.13,24.44,9.1420881109,44800,0.0000,1.0
2001-03-20,25.38,25.69,24.56,24.88,9.3066756219,69100,0.0000,1.0
2001-03-19,26.75,26.75,24.0,25.5,9.5385943874,64400,0.0000,1.0
2001-03-16,27.19,28.0,26.0,26.19,9.79669752964,138400,0.0000,1.0
2001-03-15,27.03,27.44,26.5,27.19,10.1707600546,34900,0.0000,1.0
2001-03-14,27.06,27.88,26.5,27.0,10.0996881749,60100,0.0000,1.0
2001-03-13,26.81,28.0,26.75,28.0,10.4737506999,35100,0.0000,1.0
2001-03-12,27.44,27.44,26.38,26.88,10.0548006719,74200,0.0000,1.0
2001-03-09,28.38,28.38,27.0,27.25,10.1932038061,68100,0.0000,1.0
2001-03-08,28.5,29.13,28.13,28.5,10.6607819624,94300,0.0000,1.0
2001-03-07,28.94,29.31,28.5,28.5,10.6607819624,226200,0.0000,1.0
2001-03-06,28.19,28.94,27.88,28.94,10.8253694734,86000,0.0000,1.0
2001-03-05,27.81,28.13,27.63,28.0,10.4737506999,253800,0.0000,1.0
2001-03-02,27.59,28.13,27.5,27.63,10.3353475656,50100,0.0000,1.0
2001-03-01,27.88,27.94,26.66,27.63,10.3353475656,38600,0.0000,1.0
2001-02-28,26.98,28.81,26.59,27.94,10.4513069484,68200,0.0000,1.0
2001-02-27,27.13,27.69,26.63,26.63,9.96128504064,146000,0.0000,1.0
2001-02-26,27.13,27.75,26.44,27.69,10.3577913171,55400,0.0000,1.0
2001-02-23,27.59,27.59,25.38,27.13,10.1483163031,51600,0.0000,1.0
2001-02-22,27.97,28.13,26.69,27.58,10.3166444394,94200,0.0000,1.0
2001-02-21,29.25,29.81,27.38,28.06,10.4961944514,50000,0.1400,1.0
2001-02-20,30.0,30.75,29.75,29.75,11.0731129407,54300,0.0000,1.0
2001-02-16,31.25,31.25,29.75,29.94,11.1438319814,79000,0.0000,1.0
2001-02-15,30.06,31.5,30.06,30.88,11.4937051297,78100,0.0000,1.0
2001-02-14,32.23,32.25,30.56,30.94,11.5160374584,48400,0.0000,1.0
2001-02-13,31.75,32.19,31.5,31.75,11.8175238947,42600,0.0000,1.0
2001-02-12,31.48,31.69,30.5,31.69,11.7951915661,37300,0.0000,1.0
2001-02-09,30.0,31.94,29.75,31.5,11.7244725255,48200,0.0000,1.0
2001-02-08,31.66,31.66,29.63,30.5,11.3522670485,43700,0.0000,1.0
2001-02-07,31.0,31.88,30.19,31.69,11.7951915661,34400,0.0000,1.0
2001-02-06,30.81,31.75,30.25,31.31,11.6537534849,34000,0.0000,1.0
2001-02-05,29.56,30.5,29.56,30.5,11.3522670485,12000,0.0000,1.0
2001-02-02,29.88,30.31,29.5,29.5,10.9800615715,65200,0.0000,1.0
2001-02-01,28.5,29.94,28.5,29.94,11.1438319814,58100,0.0000,1.0
2001-01-31,30.06,31.19,28.5,29.25,10.8870102022,84700,0.0000,1.0
2001-01-30,30.02,30.5,29.88,30.38,11.3076023912,43800,0.0000,1.0
2001-01-29,30.23,30.86,29.31,30.31,11.2815480079,46700,0.0000,1.0
2001-01-26,29.75,30.38,29.56,30.13,11.214551022,39800,0.0000,1.0
2001-01-25,29.69,30.75,29.63,29.69,11.0507806121,48400,0.0000,1.0
2001-01-24,30.19,30.59,29.38,29.69,11.0507806121,44000,0.0000,1.0
2001-01-23,29.81,30.75,29.38,30.48,11.3448229389,55200,0.0000,1.0
2001-01-22,30.34,30.34,29.0,29.88,11.1214996527,72500,0.0000,1.0
2001-01-19,29.38,31.06,29.38,30.31,11.2815480079,69200,0.0000,1.0
2001-01-18,29.06,29.88,28.56,29.75,11.0731129407,59200,0.0000,1.0
2001-01-17,29.75,29.88,29.13,29.25,10.8870102022,142200,0.0000,1.0
2001-01-16,30.63,30.63,29.38,29.81,11.0954452694,120100,0.0000,1.0
2001-01-12,29.75,30.75,29.38,30.75,11.4453184177,105400,0.0000,1.0
2001-01-11,29.44,29.81,29.06,29.77,11.0805570503,39800,0.0000,1.0
2001-01-10,29.25,29.38,28.63,29.38,10.9353969142,111400,0.0000,1.0
2001-01-09,29.0,29.38,28.88,29.06,10.8162911616,126300,0.0000,1.0
2001-01-08,29.0,29.13,28.5,29.0,10.793958833,105700,0.0000,1.0
2001-01-05,28.75,29.44,28.38,28.56,10.6301884231,100500,0.0000,1.0
2001-01-04,30.03,31.81,28.5,28.94,10.7716265044,224400,0.0000,1.0
2001-01-03,26.5,30.0,26.31,29.81,11.0954452694,130300,0.0000,1.0
2001-01-02,27.0,27.25,26.44,26.5,9.86344514049,110700,0.0000,1.0
2000-12-29,27.5,30.5,25.13,25.5,9.49123966349,93900,0.0000,1.0
2000-12-28,26.5,29.44,26.5,29.44,10.9577292429,86500,0.0000,1.0
2000-12-27,26.13,26.75,26.0,26.75,9.95649650974,120400,0.0000,1.0
2000-12-26,26.62,26.94,26.25,26.56,9.88577746911,52700,0.0000,1.0
2000-12-22,25.66,27.0,25.63,27.0,10.049547879,67300,0.0000,1.0
2000-12-21,24.66,26.5,24.66,25.88,9.63267774475,59900,0.0000,1.0
2000-12-20,26.5,26.5,24.94,25.0,9.30513692499,32800,0.0000,1.0
2000-12-19,25.0,27.63,25.0,26.23,9.7629496617,67100,0.0000,1.0
2000-12-18,26.0,26.31,24.25,24.81,9.23441788436,143900,0.0000,1.0
2000-12-15,26.88,27.06,25.75,25.77,9.59173514228,133100,0.0000,1.0
2000-12-14,26.56,27.13,25.56,26.59,9.89694363342,23400,0.0000,1.0
2000-12-13,29.0,29.0,26.38,26.69,9.93416418112,167500,0.1400,1.0
2000-12-12,29.34,30.0,26.38,26.56,9.8341930917,102000,0.0000,1.0
2000-12-11,29.84,30.63,29.27,29.38,10.8783355811,114200,0.0000,1.0
2000-12-08,29.0,30.13,27.88,29.88,11.0634672282,226700,0.0000,1.0
2000-12-07,27.38,28.5,27.25,27.69,10.2525906141,78000,0.0000,1.0
2000-12-06,29.19,29.56,27.56,27.63,10.2303748164,76900,0.0000,1.0
2000-12-05,26.5,29.5,26.38,29.19,10.8079855552,46100,0.0000,1.0
2000-12-04,28.0,28.0,26.31,26.63,9.86011152229,55200,0.0000,1.0
2000-12-01,28.06,29.25,27.56,28.31,10.4821538564,48400,0.0000,1.0
2000-11-30,27.22,29.0,26.5,28.06,10.3895880329,61700,0.0000,1.0
2000-11-29,27.25,27.69,26.5,27.63,10.2303748164,25500,0.0000,1.0
2000-11-28,27.59,27.75,26.5,27.25,10.0896747646,42600,0.0000,1.0
2000-11-27,28.44,28.69,26.0,27.5,10.1822405882,82800,0.0000,1.0
2000-11-24,27.31,28.31,26.38,28.31,10.4821538564,20600,0.0000,1.0
2000-11-22,26.31,27.38,26.0,27.33,10.1192958282,45600,0.0000,1.0
2000-11-21,26.0,26.94,26.0,26.81,9.92675891523,43700,0.0000,1.0
2000-11-20,26.0,26.38,25.44,25.5,9.44171399994,22500,0.0000,1.0
2000-11-17,26.94,27.63,26.0,26.75,9.90454311759,68800,0.0000,1.0
2000-11-16,25.88,26.75,25.0,25.38,9.39728240465,61000,0.0000,1.0
2000-11-15,27.0,27.5,25.81,25.81,9.55649562112,68900,0.0000,1.0
2000-11-14,27.13,27.94,26.78,26.81,9.92675891523,48800,0.0000,1.0
2000-11-13,27.0,28.63,26.69,27.06,10.0193247388,27400,0.0000,1.0
2000-11-10,28.0,29.5,26.63,26.69,9.88232731994,39600,0.0000,1.0
2000-11-09,28.81,28.88,27.75,27.88,10.3229406399,38200,0.0000,1.0
2000-11-08,29.13,29.25,28.25,28.75,10.6450697058,33000,0.0000,1.0
2000-11-07,29.88,29.88,28.44,29.83,11.0449540635,34700,0.0000,1.0
2000-11-06,29.91,30.5,29.0,29.75,11.0153329999,47900,0.0000,1.0
2000-11-03,28.13,28.88,27.13,28.5,10.5525038823,52000,0.0000,1.0
2000-11-02,29.25,29.25,28.44,29.0,10.7376355293,42000,0.0000,1.0
2000-11-01,28.5,30.5,28.5,29.13,10.7857697576,27600,0.0000,1.0
2000-10-31,29.34,30.63,28.69,28.69,10.6228539082,47300,0.0000,1.0
2000-10-30,28.63,29.88,28.44,29.69,10.9931172023,24800,0.0000,1.0
2000-10-27,27.75,29.44,27.63,28.75,10.6450697058,57200,0.0000,1.0
2000-10-26,25.44,27.75,25.44,27.63,10.2303748164,33900,0.0000,1.0
2000-10-25,27.56,28.06,25.63,25.63,9.48984822818,40800,0.0000,1.0
2000-10-24,27.13,28.25,27.06,27.31,10.1118905623,31100,0.0000,1.0
2000-10-23,27.5,28.0,27.25,27.25,10.0896747646,15100,0.0000,1.0
2000-10-20,27.5,27.75,26.94,27.31,10.1118905623,11100,0.0000,1.0
2000-10-19,26.63,27.75,26.63,27.5,10.1822405882,54300,0.0000,1.0
2000-10-18,26.5,27.0,24.94,26.75,9.90454311759,44500,0.0000,1.0
2000-10-17,27.13,27.81,27.0,27.38,10.1378089929,67600,0.0000,1.0
2000-10-16,26.75,27.75,26.19,27.75,10.2748064117,69900,0.0000,1.0
2000-10-13,25.5,27.19,24.94,26.69,9.88232731994,56000,0.0000,1.0
2000-10-12,26.0,26.06,25.44,25.63,9.48984822818,14000,0.0000,1.0
2000-10-11,26.5,26.94,25.31,26.0,9.626845647,21800,0.0000,1.0
2000-10-10,26.75,27.25,26.63,26.69,9.88232731994,54000,0.0000,1.0
2000-10-09,27.13,27.13,26.13,26.69,9.88232731994,21900,0.0000,1.0
2000-10-06,26.25,27.31,26.13,27.0,9.99710894112,81500,0.0000,1.0
2000-10-05,28.38,28.38,26.25,27.13,10.0452431694,108800,0.0000,1.0
2000-10-04,28.06,28.5,27.0,27.88,10.3229406399,57000,0.0000,1.0
2000-10-03,25.88,28.0,25.63,27.25,10.0896747646,88300,0.0000,1.0
2000-10-02,27.75,28.38,25.25,25.44,9.4194982023,83700,0.0000,1.0
2000-09-29,26.75,28.56,26.69,28.44,10.5302880846,83900,0.0000,1.0
2000-09-28,26.75,27.98,26.5,27.13,10.0452431694,70300,0.0000,1.0
2000-09-27,26.0,27.23,25.94,26.63,9.86011152229,23000,0.0000,1.0
2000-09-26,26.88,26.94,25.38,26.34,9.752735167,45500,0.0000,1.0
2000-09-25,27.13,28.31,26.5,26.5,9.81197729406,75400,0.0000,1.0
2000-09-22,27.0,27.75,23.0,27.56,10.2044563858,85900,0.0000,1.0
2000-09-21,28.75,28.81,27.5,27.69,10.2525906141,78900,0.0000,1.0
2000-09-20,29.81,30.0,29.31,29.44,10.9005513788,82600,0.0000,1.0
2000-09-19,29.63,30.0,29.06,29.81,11.0375487976,39900,0.0000,1.0
2000-09-18,28.56,29.94,28.5,29.56,10.9449829741,54500,0.0000,1.0
2000-09-15,28.5,30.0,28.25,29.75,11.0153329999,138200,0.0000,1.0
2000-09-14,31.25,31.25,29.95,30.56,11.3152462682,85700,0.0000,1.0
2000-09-13,32.38,32.38,31.0,31.25,11.5707279411,55350,0.0000,2.0
2000-09-12,63.5,64.5,63.38,64.25,11.8947083235,70000,0.0000,1.0
2000-09-11,64.0,64.0,63.16,63.5,11.7558595882,41400,0.0000,1.0
2000-09-08,63.56,64.0,63.25,63.75,11.8021424999,24900,0.0000,1.0
2000-09-07,63.25,63.5,62.38,63.5,11.7558595882,31000,0.0000,1.0
2000-09-06,63.63,63.63,62.08,62.75,11.6170108529,35600,0.0000,1.0
2000-09-05,64.31,64.31,62.06,62.13,11.5022292317,23800,0.0000,1.0
2000-09-01,63.75,64.13,63.13,64.13,11.8724925258,36100,0.0000,1.0
2000-08-31,64.88,64.88,63.56,64.75,11.987274147,15700,0.0000,1.0
2000-08-30,64.38,65.75,63.75,64.88,12.0113412611,20000,0.0000,1.0
2000-08-29,64.63,65.81,64.0,65.13,12.0576241729,25200,0.0000,1.0
2000-08-28,62.88,65.19,62.88,64.44,11.9298833364,27700,0.0000,1.0
2000-08-25,63.0,65.0,62.5,63.69,11.7910346011,62000,0.0000,1.0
2000-08-24,60.13,63.13,60.0,63.13,11.6873608788,33600,0.0000,1.0
2000-08-23,59.94,60.63,58.75,60.19,11.1430738364,54000,0.2600,1.0
2000-08-22,61.25,61.25,59.63,59.63,10.9919188232,23200,0.0000,1.0
2000-08-21,61.06,61.63,60.88,61.5,11.3366259874,30200,0.0000,1.0
2000-08-18,61.13,61.38,60.75,60.88,11.2223380506,14500,0.0000,1.0
2000-08-17,61.86,61.86,60.5,61.38,11.3145057416,31900,0.0000,1.0
2000-08-16,62.25,62.25,61.13,61.88,11.4066734325,54300,0.0000,1.0
2000-08-15,64.0,64.06,61.63,62.0,11.4287936784,98900,0.0000,1.0
2000-08-14,63.19,65.98,62.81,64.25,11.8435482877,85000,0.0000,1.0
2000-08-11,62.0,63.5,62.0,63.25,11.6592129057,35600,0.0000,1.0
2000-08-10,61.88,62.5,61.34,61.81,11.3937699558,26200,0.0000,1.0
2000-08-09,61.53,62.44,61.19,61.88,11.4066734325,34900,0.0000,1.0
2000-08-08,60.38,62.5,59.75,62.5,11.5209613693,30300,0.0000,1.0
2000-08-07,59.31,60.88,58.88,60.31,11.1172668829,48300,0.0000,1.0
2000-08-04,59.38,59.88,58.23,59.88,11.0380026687,38000,0.0000,1.0
2000-08-03,59.0,59.38,58.0,58.81,10.8407638101,21300,0.0000,1.0
2000-08-02,58.5,59.75,57.75,59.06,10.8868476555,55700,0.0000,1.0
2000-08-01,56.88,58.75,56.88,58.19,10.7264758733,25900,0.0000,1.0
2000-07-31,55.31,56.5,55.06,56.5,10.4149490779,81100,0.0000,1.0
2000-07-28,56.13,56.13,55.25,56.0,10.3227813869,15900,0.0000,1.0
2000-07-27,57.5,57.5,55.25,55.25,10.1845298505,41000,0.0000,1.0
2000-07-26,56.75,58.0,56.25,57.25,10.5532006143,11900,0.0000,1.0
2000-07-25,57.25,58.5,56.69,57.0,10.5071167688,16900,0.0000,1.0
2000-07-24,57.25,57.75,55.13,56.69,10.4499728004,18500,0.0000,1.0
2000-07-21,57.28,58.56,57.28,58.0,10.6914521507,23200,0.0000,1.0
2000-07-20,56.0,58.88,55.94,58.56,10.7946799646,23600,0.0000,1.0
2000-07-19,58.25,58.25,55.31,55.94,10.311721264,27100,0.0000,1.0
2000-07-18,59.19,59.88,57.88,57.88,10.6693319049,23600,0.0000,1.0
2000-07-17,59.25,59.88,59.13,59.88,11.0380026687,53700,0.0000,1.0
2000-07-14,58.75,59.88,58.5,59.5,10.9679552236,43000,0.0000,1.0
2000-07-13,55.63,59.63,55.31,58.88,10.8536672868,117500,0.0000,1.0
2000-07-12,54.75,56.13,54.69,56.0,10.3227813869,57100,0.0000,1.0
2000-07-11,54.25,55.5,53.5,54.75,10.0923621595,41800,0.0000,1.0
2000-07-10,53.75,54.75,53.75,54.25,10.0001944686,35800,0.0000,1.0
2000-07-07,54.0,54.13,53.13,54.13,9.97807422274,69900,0.0000,1.0
2000-07-06,53.0,54.0,53.0,53.94,9.94305050017,46600,0.0000,1.0
2000-07-05,52.0,53.56,52.0,53.0,9.76977524118,32700,0.0000,1.0
2000-07-03,50.5,53.38,50.5,53.19,9.80479896374,33000,0.0000,1.0
2000-06-30,53.63,55.25,49.19,50.63,9.33290038606,106300,0.0000,1.0
2000-06-29,52.25,55.25,51.38,54.69,10.0813020366,72400,0.0000,1.0
2000-06-28,52.5,56.0,50.13,50.5,9.30893678641,58600,0.0000,1.0
2000-06-27,50.66,52.81,50.56,52.81,9.73475151862,51000,0.0000,1.0
2000-06-26,49.81,50.31,49.81,50.19,9.25179281802,13700,0.0000,1.0
2000-06-23,49.69,50.63,49.25,50.19,9.25179281802,45400,0.0000,1.0
2000-06-22,49.63,50.0,49.38,49.56,9.13566152741,52400,0.0000,1.0
2000-06-21,50.88,50.88,49.56,49.88,9.19464884962,57900,0.0000,1.0
2000-06-20,51.5,51.5,50.06,50.63,9.33290038606,73800,0.0000,1.0
2000-06-19,51.56,52.0,51.38,51.69,9.52829589088,44200,0.0000,1.0
2000-06-16,54.0,54.0,51.5,51.56,9.50433229123,89200,0.0000,1.0
2000-06-15,52.25,54.88,51.75,54.88,10.1163257592,59700,0.0000,1.0
2000-06-14,51.25,53.5,51.0,52.88,9.74765499535,38400,0.0000,1.0
2000-06-13,50.25,52.25,50.06,52.06,9.59649998219,81300,0.0000,1.0
2000-06-12,49.81,50.5,49.81,50.25,9.26285294093,49600,0.0000,1.0
2000-06-09,49.81,50.44,49.69,50.06,9.22782921837,53400,0.0000,1.0
2000-06-08,49.81,50.0,49.63,50.0,9.21676909545,19500,0.0000,1.0
2000-06-07,50.63,51.13,49.88,50.5,9.30893678641,120800,0.0000,1.0
2000-06-06,51.0,51.5,50.13,50.63,9.33290038606,51000,0.0000,1.0
2000-06-05,50.44,51.25,50.0,50.88,9.37898423153,32600,0.0000,1.0
2000-06-02,49.63,50.5,49.25,50.0,9.21676909545,93100,0.0000,1.0
2000-06-01,48.0,50.0,48.0,49.25,9.07851755902,36900,0.0000,1.0
2000-05-31,47.66,48.31,46.06,47.75,8.80201448616,75300,0.2600,1.0
2000-05-30,44.94,48.31,44.94,48.31,8.85701561813,126600,0.0000,1.0
2000-05-26,44.0,45.56,44.0,44.0,8.06683268883,7300,0.0000,1.0
2000-05-25,44.0,46.88,44.0,45.56,8.35283857507,26900,0.0000,1.0
2000-05-24,44.75,46.13,44.5,46.13,8.45734072582,23600,0.0000,1.0
2000-05-23,44.38,47.81,44.25,46.38,8.50317500246,53000,0.0000,1.0
2000-05-22,44.75,45.38,43.56,44.88,8.22816934261,23900,0.0000,1.0
2000-05-19,44.5,44.78,42.88,43.0,7.88349558227,13300,0.0000,1.0
2000-05-18,45.0,45.88,44.5,44.5,8.15850124212,35500,0.0000,1.0
2000-05-17,44.0,45.0,44.0,45.0,8.2501697954,30300,0.0000,1.0
2000-05-16,43.63,46.25,43.63,46.13,8.45734072582,18600,0.0000,1.0
2000-05-15,44.63,44.63,42.75,43.06,7.89449580866,32000,0.0000,1.0
2000-05-12,43.25,45.88,43.25,44.63,8.18233506597,32000,0.0000,1.0
2000-05-11,41.13,43.5,41.13,43.13,7.90732940612,26500,0.0000,1.0
2000-05-10,41.81,42.06,40.63,40.88,7.49482091635,11200,0.0000,1.0
2000-05-09,43.0,43.0,42.0,42.25,7.74599275235,35700,0.0000,1.0
2000-05-08,44.75,44.75,42.75,42.75,7.83766130563,12300,0.0000,1.0
2000-05-05,44.44,44.63,43.88,44.19,8.10166673908,34700,0.0000,1.0
2000-05-04,43.38,43.5,40.25,43.38,7.95316368276,53200,0.0000,1.0
2000-05-03,45.13,45.13,43.0,43.25,7.92932985891,17200,0.0000,1.0
2000-05-02,45.63,45.63,44.0,44.19,8.10166673908,14200,0.0000,1.0
2000-05-01,45.75,46.0,45.19,45.38,8.31983789589,23300,0.0000,1.0
2000-04-28,45.88,45.88,44.25,44.69,8.19333529236,12400,0.0000,1.0
2000-04-27,45.25,45.25,44.13,44.56,8.16950146851,18400,0.0000,1.0
2000-04-26,44.0,45.88,44.0,45.31,8.30700429843,26700,0.0000,1.0
2000-04-25,44.5,44.94,43.94,44.94,8.239169569,78300,0.0000,1.0
2000-04-24,44.56,45.0,44.0,44.0,8.06683268883,35600,0.0000,1.0
2000-04-20,44.25,45.23,44.25,44.56,8.16950146851,65200,0.0000,1.0
2000-04-19,44.0,45.25,44.0,44.25,8.11266696548,10600,0.0000,1.0
2000-04-18,44.06,45.25,43.81,45.25,8.29600407204,32000,0.0000,1.0
2000-04-17,43.69,44.75,43.69,44.06,8.07783291523,34600,0.0000,1.0
2000-04-14,43.69,44.94,43.69,44.69,8.19333529236,16200,0.0000,1.0
2000-04-13,43.81,44.75,43.69,44.19,8.10166673908,18700,0.0000,1.0
2000-04-12,42.5,44.38,40.88,43.5,7.97516413555,38700,0.0000,1.0
2000-04-11,42.75,43.75,42.5,42.69,7.82666107923,38500,0.0000,1.0
2000-04-10,44.5,46.5,42.0,42.69,7.82666107923,143400,0.0000,1.0
2000-04-07,45.03,46.63,43.56,43.88,8.04483223605,20800,0.0000,1.0
2000-04-06,46.75,47.75,46.0,46.0,8.43350690196,26300,0.0000,1.0
2000-04-05,45.75,47.5,45.13,47.0,8.61684400853,15300,0.0000,1.0
2000-04-04,45.5,46.88,44.44,44.63,8.18233506597,19300,0.0000,1.0
2000-04-03,45.81,47.38,45.69,47.38,8.68651210902,56400,0.0000,1.0
2000-03-31,44.5,47.0,43.63,46.06,8.44450712836,99300,0.0000,1.0
2000-03-30,43.0,45.0,42.94,43.63,7.99899795941,30200,0.0000,1.0
2000-03-29,42.75,43.0,41.5,43.0,7.88349558227,9200,0.0000,1.0
2000-03-28,43.75,44.0,42.0,42.0,7.70015847571,23000,0.0000,1.0
2000-03-27,43.63,46.5,43.63,44.5,8.15850124212,17800,0.0000,1.0
2000-03-24,43.5,45.12,43.5,45.0,8.2501697954,36800,0.0000,1.0
2000-03-23,43.0,44.5,43.0,44.19,8.10166673908,35700,0.0000,1.0
2000-03-22,42.81,43.88,42.38,43.38,7.95316368276,18300,0.0000,1.0
2000-03-21,42.75,44.88,41.75,44.38,8.13650078933,80200,0.0000,1.0
2000-03-20,41.44,43.0,40.5,40.5,7.42515281586,33200,0.0000,1.0
2000-03-17,40.88,42.5,40.63,41.44,7.59748969603,50900,0.0000,1.0
2000-03-16,41.5,43.0,41.06,42.13,7.72399229956,63500,0.0000,1.0
2000-03-15,41.06,42.5,39.5,42.5,7.79182702899,80900,0.0000,1.0
2000-03-14,43.0,43.38,40.5,40.5,7.42515281586,56900,0.0000,1.0
2000-03-13,43.63,44.13,43.0,43.44,7.96416390916,44300,0.0000,1.0
2000-03-10,44.63,44.75,44.31,44.48,8.15483449998,80000,0.0000,1.0
2000-03-09,41.38,44.75,41.38,44.31,8.12366719187,55800,0.0000,1.0
2000-03-08,39.5,42.38,39.5,42.19,7.73499252595,26400,0.0000,1.0
2000-03-07,39.5,40.0,39.5,39.81,7.29865021233,40000,0.0000,1.0
2000-03-06,39.25,40.13,39.25,39.5,7.24181570929,46300,0.0000,1.0
2000-03-03,37.81,40.75,37.81,40.31,7.39031876561,35900,0.0000,1.0
2000-03-02,40.31,40.31,38.5,38.63,7.08231242658,48800,0.0000,1.0
2000-03-01,38.13,40.5,38.13,40.38,7.40315236307,65300,0.2600,1.0
2000-02-29,36.72,39.06,36.38,38.75,7.05886205878,67500,0.0000,1.0
2000-02-28,36.63,37.25,36.13,36.19,6.59252175245,41400,0.0000,1.0
2000-02-25,36.19,36.88,36.19,36.66,6.67813891807,61300,0.0000,1.0
2000-02-24,36.5,37.0,36.38,36.56,6.65992249985,42400,0.0000,1.0
2000-02-23,36.69,36.75,36.44,36.69,6.68360384353,32200,0.0000,1.0
2000-02-22,37.0,37.0,36.27,36.81,6.70546354539,76600,0.0000,1.0
2000-02-18,39.25,39.25,36.81,37.0,6.74007474,50200,0.0000,1.0
2000-02-17,37.06,38.25,37.06,38.25,6.9677799677,43400,0.0000,1.0
2000-02-16,39.5,39.5,37.38,37.38,6.80929712922,54500,0.0000,1.0
2000-02-15,39.0,40.19,38.25,38.31,6.97870981863,28600,0.0000,1.0
2000-02-14,42.5,42.5,38.88,38.88,7.08254340247,32900,0.0000,1.0
2000-02-11,41.0,42.5,40.94,41.0,7.46873146865,23400,0.0000,1.0
2000-02-10,41.56,42.13,41.0,41.02,7.47237475229,29000,0.0000,1.0
2000-02-09,39.69,42.13,39.69,41.0,7.46873146865,15900,0.0000,1.0
2000-02-08,42.0,42.5,39.38,40.0,7.28656728649,25600,0.0000,1.0
2000-02-07,41.0,42.5,41.0,42.25,7.69643669635,19000,0.0000,1.0
2000-02-04,40.13,41.38,40.13,41.38,7.53795385787,23300,0.0000,1.0
2000-02-03,41.88,42.13,40.75,40.81,7.43412027404,29500,0.0000,1.0
2000-02-02,44.0,44.0,41.0,41.0,7.46873146865,66200,0.0000,1.0
2000-02-01,43.13,43.38,42.5,42.5,7.74197774189,15900,0.0000,1.0
2000-01-31,42.25,43.75,42.25,43.0,7.83305983297,34400,0.0000,1.0
2000-01-28,43.25,44.25,42.5,42.56,7.75290759282,25800,0.0000,1.0
2000-01-27,43.06,43.5,42.75,43.0,7.83305983297,28300,0.0000,1.0
2000-01-26,46.0,46.0,41.25,42.0,7.65089565081,46200,0.0000,1.0
2000-01-25,45.31,46.25,43.25,43.63,7.94782326774,22200,0.0000,1.0
2000-01-24,45.56,46.25,45.31,45.63,8.31215163206,28100,0.0000,1.0
2000-01-21,47.16,47.16,45.5,46.25,8.425093425,41800,0.0000,1.0
2000-01-20,47.13,47.75,46.25,47.5,8.6527986527,24400,0.0000,1.0
2000-01-19,46.69,48.0,46.69,48.0,8.74388074378,17800,0.0000,1.0
2000-01-18,47.31,47.31,46.69,46.69,8.50524566515,16100,0.0000,1.0
2000-01-14,49.23,49.23,47.25,48.13,8.76756208747,25600,0.0000,1.0
2000-01-13,49.0,49.48,48.0,48.38,8.81310313301,42800,0.0000,1.0
2000-01-12,47.75,48.75,47.25,48.44,8.82403298394,8700,0.0000,1.0
2000-01-11,47.5,48.5,47.5,48.19,8.7784919384,7500,0.0000,1.0
2000-01-10,46.88,47.88,46.88,47.13,8.5853979053,20300,0.0000,1.0
2000-01-07,47.75,48.31,47.0,47.81,8.70926954917,22000,0.0000,1.0
2000-01-06,48.31,48.31,47.63,47.66,8.68194492185,16700,0.0000,1.0
2000-01-05,48.0,49.5,47.69,48.33,8.8039949239,6700,0.0000,1.0
2000-01-04,49.72,49.75,48.0,48.0,8.74388074378,21600,0.0000,1.0
2000-01-03,49.97,49.97,48.5,49.13,8.94972626963,38200,0.0000,1.0
1999-12-31,48.0,50.0,48.0,48.25,8.78942178933,11100,0.0000,1.0
1999-12-30,48.69,49.94,48.5,49.25,8.97158597149,38600,0.0000,1.0
1999-12-29,47.16,48.75,46.88,48.75,8.88050388041,22200,0.0000,1.0
1999-12-28,47.38,47.88,47.13,47.13,8.5853979053,14400,0.0000,1.0
1999-12-27,48.19,48.19,47.38,47.5,8.6527986527,20900,0.0000,1.0
1999-12-23,47.75,48.25,47.0,48.25,8.78942178933,20300,0.0000,1.0
1999-12-22,48.0,48.5,47.5,47.5,8.6527986527,9000,0.0000,1.0
1999-12-21,48.63,49.0,48.0,48.19,8.7784919384,26500,0.0000,1.0
1999-12-20,48.94,49.25,48.25,48.25,8.78942178933,20200,0.0000,1.0
1999-12-17,48.56,50.0,48.5,48.88,8.90418522409,53500,0.0000,1.0
1999-12-16,48.0,50.13,48.0,50.13,9.13189045179,19100,0.0000,1.0
1999-12-15,48.5,49.5,48.0,48.0,8.74388074378,27300,0.2600,1.0
1999-12-14,50.0,50.5,49.25,49.25,8.92325169149,31400,0.0000,1.0
1999-12-13,49.81,51.25,49.06,51.25,9.28561724242,29300,0.0000,1.0
1999-12-10,50.13,50.38,49.75,50.25,9.10443446695,20900,0.0000,1.0
1999-12-09,49.0,50.38,49.0,50.0,9.05913877309,17500,0.0000,1.0
1999-12-08,49.75,50.0,49.13,49.5,8.96854738536,23100,0.0000,1.0
1999-12-07,49.0,49.25,49.0,49.13,8.90150975844,85000,0.0000,1.0
1999-12-06,49.06,49.88,49.0,49.0,8.87795599763,16800,0.0000,1.0
1999-12-03,50.38,50.44,49.0,49.0,8.87795599763,36600,0.0000,1.0
1999-12-02,50.88,51.5,49.75,50.25,9.10443446695,30700,0.0000,1.0
1999-12-01,48.81,52.0,48.81,51.38,9.30917100323,26100,0.0000,1.0
1999-11-30,48.44,49.13,48.13,49.06,8.88882696415,64500,0.0000,1.0
1999-11-29,49.31,49.34,47.5,48.06,8.70764418869,31500,0.0000,1.0
1999-11-26,47.0,49.13,47.0,49.13,8.90150975844,10800,0.0000,1.0
1999-11-24,47.25,48.31,46.63,47.94,8.68590225564,53500,0.0000,1.0
1999-11-23,49.44,49.44,47.44,47.94,8.68590225564,26700,0.0000,1.0
1999-11-22,49.31,49.5,47.63,48.5,8.7873646099,7300,0.0000,1.0
1999-11-19,49.06,49.38,48.0,49.25,8.92325169149,32300,0.0000,1.0
1999-11-18,45.0,49.22,44.5,49.22,8.91781620823,188400,0.0000,1.0
1999-11-17,45.13,45.13,44.25,45.0,8.15322489578,22500,0.0000,1.0
1999-11-16,45.0,45.25,44.19,45.06,8.16409586231,41800,0.0000,1.0
1999-11-15,44.5,44.5,43.25,44.0,7.97204212032,8900,0.0000,1.0
1999-11-12,45.0,45.0,43.25,44.25,8.01733781418,11400,0.0000,1.0
1999-11-11,45.0,45.0,43.25,45.0,8.15322489578,4500,0.0000,1.0
1999-11-10,44.06,44.06,43.25,43.25,7.83615503872,8500,0.0000,1.0
1999-11-09,44.25,45.0,43.0,44.88,8.13148296272,12700,0.0000,1.0
1999-11-08,43.56,45.0,43.13,45.0,8.15322489578,9600,0.0000,1.0
1999-11-05,43.25,44.13,43.0,43.88,7.95030018726,38300,0.0000,1.0
1999-11-04,45.13,45.13,43.5,43.81,7.93761739298,46500,0.0000,1.0
1999-11-03,45.13,45.13,43.63,43.88,7.95030018726,11400,0.0000,1.0
1999-11-02,44.31,45.25,44.31,44.31,8.02820878071,20000,0.0000,1.0
1999-11-01,44.44,44.94,44.13,44.44,8.05176254152,33200,0.0000,1.0
