timestamp,open,high,low,close,adjusted_close,volume,dividend_amount,split_coefficient
2022-11-28,97.2,97.83,95.89,96.25,96.25,19981974,0.0000,1.0
2022-11-25,98.465,98.94,97.53,97.6,97.6,8567819,0.0000,1.0
2022-11-23,97.34,99.0685,97.34,98.82,98.82,17568859,0.0000,1.0
2022-11-22,96.16,97.5475,94.41,97.33,97.33,18868850,0.0000,1.0
2022-11-21,97.56,98.72,95.67,95.83,95.83,18696874,0.0000,1.0
2022-11-18,99.01,99.16,96.74,97.8,97.8,24969880,0.0000,1.0
2022-11-17,97.18,99.48,97.1,98.5,98.5,21818732,0.0000,1.0
2022-11-16,98.02,99.85,97.9015,98.99,98.99,24660195,0.0000,1.0
2022-11-15,98.67,100.42,97.02,98.72,98.72,31830969,0.0000,1.0
2022-11-14,95.5,97.18,95.1125,96.03,96.03,24170076,0.0000,1.0
2022-11-11,94.71,97.36,94.16,96.73,96.73,30569112,0.0000,1.0
2022-11-10,92.34,94.55,91.65,94.17,94.17,42371216,0.0000,1.0
2022-11-09,88.545,89.49,87.3599,87.4,87.4,26743883,0.0000,1.0
2022-11-08,89.16,90.405,87.65,88.91,88.91,30172001,0.0000,1.0
2022-11-07,87.34,88.94,86.96,88.65,88.65,26899879,0.0000,1.0
2022-11-04,85.51,86.73,83.88,86.7,86.7,40173284,0.0000,1.0
2022-11-03,86.345,86.55,83.45,83.49,83.49,48510364,0.0000,1.0
2022-11-02,90.91,91.3,87.01,87.07,87.07,43553551,0.0000,1.0
2022-11-01,95.59,96.165,90.43,90.5,90.5,43220599,0.0000,1.0
2022-10-31,95.78,96.35,94.38,94.66,94.66,29868714,0.0000,1.0
2022-10-28,92.53,96.86,92.3225,96.58,96.58,35696925,0.0000,1.0
2022-10-27,94.31,95.17,91.9,92.6,92.6,54036485,0.0000,1.0
2022-10-26,96.76,98.54,94.57,94.82,94.82,71671814,0.0000,1.0
2022-10-25,103.3,105.0999,103.02,104.93,104.93,29910170,0.0000,1.0
2022-10-24,102.09,103.1,100.3,102.97,102.97,24680831,0.0000,1.0
2022-10-21,98.46,101.62,98.23,101.48,101.48,28988727,0.0000,1.0
2022-10-20,100.82,103.0,99.97,100.53,100.53,25125082,0.0000,1.0
2022-10-19,100.7,101.6592,99.635,100.29,100.29,21573686,0.0000,1.0
2022-10-18,103.94,104.22,100.65,101.39,101.39,21610541,0.0000,1.0
2022-10-17,99.52,101.77,99.51,100.78,100.78,23311604,0.0000,1.0
2022-10-14,100.625,101.29,97.03,97.18,97.18,22624832,0.0000,1.0
2022-10-13,95.93,100.53,95.27,99.71,99.71,32812220,0.0000,1.0
2022-10-12,98.27,99.6476,97.67,98.3,98.3,17343431,0.0000,1.0
2022-10-11,98.25,100.12,97.25,98.05,98.05,21617727,0.0000,1.0
2022-10-10,99.85,99.99,97.87,98.71,98.71,16529897,0.0000,1.0
2022-10-07,100.65,101.42,99.21,99.57,99.57,24249910,0.0000,1.0
2022-10-06,101.5,103.73,101.5,102.24,102.24,17156240,0.0000,1.0
2022-10-05,100.69,102.74,99.74,102.22,102.22,18475515,0.0000,1.0
2022-10-04,101.04,102.72,101.04,102.41,102.41,22580931,0.0000,1.0
2022-10-03,97.22,99.97,97.02,99.3,99.3,24840028,0.0000,1.0
2022-09-30,97.73,99.494,96.03,96.15,96.15,26277832,0.0000,1.0
2022-09-29,99.3,99.3,96.52,98.09,98.09,21921520,0.0000,1.0
2022-09-28,98.02,101.4,97.8,100.74,100.74,24616999,0.0000,1.0
2022-09-27,99.91,100.46,97.34,98.09,98.09,24224988,0.0000,1.0
2022-09-26,98.61,100.44,98.38,98.81,98.81,22437938,0.0000,1.0
2022-09-23,100.06,100.11,98.01,99.17,99.17,25656959,0.0000,1.0
2022-09-22,99.45,101.68,99.41,100.57,100.57,21145595,0.0000,1.0
2022-09-21,102.24,103.49,99.99,100.01,100.01,26596757,0.0000,1.0
2022-09-20,102.88,103.17,101.12,101.83,101.83,24001668,0.0000,1.0
2022-09-19,102.54,104.02,102.37,103.85,103.85,19738603,0.0000,1.0
2022-09-16,102.97,104.03,101.855,103.63,103.63,64540115,0.0000,1.0
2022-09-15,105.01,106.21,103.31,103.9,103.9,26494933,0.0000,1.0
2022-09-14,105.44,106.1,104.5,105.87,105.87,22115805,0.0000,1.0
2022-09-13,108.89,109.37,105.0,105.31,105.31,33014991,0.0000,1.0
2022-09-12,111.99,112.64,110.93,111.87,111.87,19732905,0.0000,1.0
2022-09-09,110.05,112.0,110.0,111.78,111.78,21745034,0.0000,1.0
2022-09-08,109.18,110.58,108.06,109.42,109.42,21660654,0.0000,1.0
2022-09-07,107.76,110.99,107.615,110.48,110.48,22987178,0.0000,1.0
2022-09-06,108.135,108.88,106.51,107.48,107.48,20529528,0.0000,1.0
2022-09-02,111.34,111.675,108.13,108.68,108.68,20618080,0.0000,1.0
2022-09-01,109.2,111.22,108.19,110.55,110.55,22784385,0.0000,1.0
2022-08-31,111.63,111.77,109.05,109.15,109.15,25897978,0.0000,1.0
2022-08-30,111.03,111.37,108.8,109.91,109.91,20548202,0.0000,1.0
2022-08-29,110.78,111.96,109.81,110.34,110.34,20347494,0.0000,1.0
2022-08-26,115.81,116.6,111.22,111.3,111.3,31698668,0.0000,1.0
2022-08-25,115.15,117.78,115.05,117.7,117.7,14874666,0.0000,1.0
2022-08-24,114.45,115.7171,113.78,114.7,114.7,16051174,0.0000,1.0
2022-08-23,114.32,115.93,114.3,114.77,114.77,14390691,0.0000,1.0
2022-08-22,116.1,116.5,114.67,115.07,115.07,19316024,0.0000,1.0
2022-08-19,119.87,120.0,117.67,118.12,118.12,20186983,0.0000,1.0
2022-08-18,120.23,121.69,119.5502,120.86,120.86,15652029,0.0000,1.0
2022-08-17,120.93,122.15,120.2,120.32,120.32,17589157,0.0000,1.0
2022-08-16,122.32,123.2276,121.535,122.51,122.51,15626171,0.0000,1.0
2022-08-15,122.21,123.26,121.57,122.88,122.88,15524951,0.0000,1.0
2022-08-12,121.16,122.65,120.4001,122.65,122.65,16121087,0.0000,1.0
2022-08-11,122.08,122.3402,119.55,119.82,119.82,16671627,0.0000,1.0
2022-08-10,119.59,121.78,119.36,120.65,120.65,20497021,0.0000,1.0
2022-08-09,117.99,118.2,116.56,117.5,117.5,15424257,0.0000,1.0
2022-08-08,119.12,120.86,117.83,118.14,118.14,17061112,0.0000,1.0
2022-08-05,116.93,118.86,116.71,118.22,118.22,15615663,0.0000,1.0
2022-08-04,118.3,119.5,117.71,118.87,118.87,15757698,0.0000,1.0
2022-08-03,116.34,119.42,116.15,118.78,118.78,25302816,0.0000,1.0
2022-08-02,114.43,117.08,114.26,115.9,115.9,17911039,0.0000,1.0
2022-08-01,115.53,117.12,114.69,115.48,115.48,22856202,0.0000,1.0
2022-07-29,113.4,116.9,113.23,116.64,116.64,31336183,0.0000,1.0
2022-07-28,112.8,114.7,111.851,114.59,114.59,23303844,0.0000,1.0
2022-07-27,109.6,114.4,108.42,113.6,113.6,41474618,0.0000,1.0
2022-07-26,107.43,107.74,104.76,105.44,105.44,36626630,0.0000,1.0
2022-07-25,108.88,110.58,107.01,108.21,108.21,28289942,0.0000,1.0
2022-07-22,111.81,113.18,107.6,108.36,108.36,44455304,0.0000,1.0
2022-07-21,115.09,115.21,111.91,115.04,115.04,27267848,0.0000,1.0
2022-07-20,114.06,116.33,113.26,114.7,114.7,26780088,0.0000,1.0
2022-07-19,111.73,114.81,110.5,114.62,114.62,30992331,0.0000,1.0
2022-07-18,113.44,114.8,109.3,109.91,109.91,33247345,0.0000,20.0
2022-07-15,2259.26,2280.01,2236.45,2255.34,112.767,1716538,0.0000,1.0
2022-07-14,2216.52,2239.75,2186.51,2228.8,111.44,1618277,0.0000,1.0
2022-07-13,2252.78,2303.1399,2236.46,2243.74,112.187,1947943,0.0000,1.0
2022-07-12,2336.77,2356.9899,2292.3001,2296.99,114.8495,1248508,0.0000,1.0
2022-07-11,2373.0,2375.89,2324.69,2330.45,116.5225,1341523,0.0000,1.0
2022-07-08,2351.0,2408.7,2350.28,2403.37,120.1685,1454110,0.0000,1.0
2022-07-07,2320.16,2397.2399,2310.68,2386.12,119.306,1609197,0.0000,1.0
2022-07-06,2281.84,2327.04,2245.01,2304.27,115.2135,1442634,0.0000,1.0
2022-07-05,2150.29,2281.0516,2124.9901,2277.74,113.887,1821469,0.0000,1.0
2022-07-01,2166.74,2196.1273,2142.1,2181.62,109.081,1551394,0.0000,1.0
2022-06-30,2209.99,2226.596,2146.2,2187.45,109.3725,1902302,0.0000,1.0
2022-06-29,2242.97,2273.29,2231.0801,2245.13,112.2565,931393,0.0000,1.0
2022-06-28,2327.02,2357.13,2248.88,2251.43,112.5715,1415811,0.0000,1.0
2022-06-27,2378.7,2385.0,2320.015,2332.45,116.6225,1641965,0.0000,1.0
2022-06-24,2272.06,2372.75,2272.06,2370.76,118.538,1956138,0.0000,1.0
2022-06-23,2259.0,2263.93,2220.58,2253.69,112.6845,1235486,0.0000,1.0
2022-06-22,2223.26,2275.39,2214.4857,2240.68,112.034,1196086,0.0000,1.0
2022-06-21,2194.04,2253.46,2185.87,2240.3,112.015,1950514,0.0000,1.0
2022-06-17,2130.7,2184.99,2112.5706,2157.31,107.8655,2175833,0.0000,1.0
2022-06-16,2162.99,2185.81,2115.8501,2132.72,106.636,1765662,0.0000,1.0
2022-06-15,2177.99,2241.26,2162.375,2207.81,110.3905,1659601,0.0000,1.0
2022-06-14,2137.8,2169.15,2127.04,2143.88,107.194,1274047,0.0000,1.0
2022-06-13,2148.92,2184.37,2131.7611,2137.53,106.8765,1837810,0.0000,1.0
2022-06-10,2255.625,2269.94,2217.22,2228.55,111.4275,1567487,0.0000,1.0
2022-06-09,2326.83,2367.0,2297.34,2298.36,114.918,1157080,0.0000,1.0
2022-06-08,2337.53,2372.92,2333.935,2344.76,117.238,1127213,0.0000,1.0
2022-06-07,2312.96,2354.9725,2302.5101,2344.59,117.2295,1320677,0.0000,1.0
2022-06-06,2334.85,2387.9696,2330.5658,2340.21,117.0105,1189336,0.0000,1.0
2022-06-03,2319.85,2327.29,2273.36,2291.28,114.564,1247604,0.0000,1.0
2022-06-02,2283.76,2357.96,2266.16,2354.92,117.746,1374770,0.0000,1.0
2022-06-01,2298.63,2347.98,2271.01,2282.74,114.137,1431464,0.0000,1.0
2022-05-31,2261.58,2328.67,2251.45,2280.78,114.039,2565096,0.0000,1.0
2022-05-27,2195.77,2257.36,2191.0,2255.98,112.799,1496221,0.0000,1.0
2022-05-26,2121.01,2179.105,2109.76,2165.92,108.296,1514374,0.0000,1.0
2022-05-25,2102.84,2130.8938,2084.225,2116.79,105.8395,1894967,0.0000,1.0
2022-05-24,2127.55,2127.9,2044.16,2118.52,105.926,3019319,0.0000,1.0
2022-05-23,2202.08,2240.11,2183.085,2233.33,111.6665,1577911,0.0000,1.0
2022-05-20,2241.71,2251.0,2127.46,2186.26,109.313,1879301,0.0000,1.0
2022-05-19,2236.82,2271.75,2209.36,2214.91,110.7455,1459587,0.0000,1.0
2022-05-18,2304.75,2313.9134,2242.84,2248.02,112.401,1399138,0.0000,1.0
2022-05-17,2344.55,2344.55,2306.75,2334.03,116.7015,1078804,0.0000,1.0
2022-05-16,2307.68,2332.15,2286.7,2295.85,114.7925,1164119,0.0000,1.0
2022-05-13,2296.91,2361.7,2280.0,2330.31,116.5155,1486878,0.0000,1.0
2022-05-12,2238.76,2297.13,2202.27,2263.22,113.161,2073244,0.0000,1.0
2022-05-11,2274.21,2333.42,2273.0,2279.22,113.961,1825082,0.0000,1.0
2022-05-10,2320.81,2333.82,2267.6657,2291.69,114.5845,1557889,0.0000,1.0
2022-05-09,2266.07,2311.2581,2251.03,2261.68,113.084,1726048,0.0000,1.0
2022-05-06,2310.38,2349.97,2282.86,2313.2,115.66,1765474,0.0000,1.0
2022-05-05,2404.41,2424.665,2303.65,2334.93,116.7465,2154452,0.0000,1.0
2022-05-04,2360.07,2462.86,2314.77,2451.5,122.575,1656826,0.0000,1.0
2022-05-03,2335.3,2386.0,2332.54,2362.59,118.1295,1060787,0.0000,1.0
2022-05-02,2278.13,2346.79,2267.99,2343.14,117.157,1513982,0.0000,1.0
2022-04-29,2351.56,2379.2,2293.88,2299.33,114.9665,1684655,0.0000,1.0
2022-04-28,2342.3,2408.77,2302.8778,2388.23,119.4115,1839547,0.0000,1.0
2022-04-27,2287.46,2350.0,2262.485,2300.41,115.0205,3111906,0.0000,1.0
2022-04-26,2455.0,2455.0,2383.237,2390.12,119.506,2284104,0.0000,1.0
2022-04-25,2388.59,2465.56,2375.385,2465.0,123.25,1726090,0.0000,1.0
2022-04-22,2500.0,2509.04,2382.81,2392.28,119.614,2320515,0.0000,1.0
2022-04-21,2587.0,2606.15,2493.0,2498.75,124.9375,1507877,0.0000,1.0
2022-04-20,2625.68,2638.47,2557.8811,2564.91,128.2455,1126974,0.0000,1.0
2022-04-19,2561.54,2618.075,2549.03,2610.62,130.531,1135965,0.0000,1.0
2022-04-18,2548.2,2574.24,2531.5693,2559.22,127.961,745860,0.0000,1.0
2022-04-14,2612.99,2614.205,2542.23,2545.06,127.253,1174168,0.0000,1.0
2022-04-13,2572.53,2613.115,2568.7719,2605.72,130.286,977148,0.0000,1.0
2022-04-12,2648.47,2648.47,2551.52,2567.49,128.3745,1150161,0.0000,1.0
2022-04-11,2658.0,2658.7836,2592.35,2595.93,129.7965,1209367,0.0000,1.0
2022-04-08,2725.0,2725.0,2675.0501,2680.21,134.0105,821724,0.0000,1.0
2022-04-07,2732.36,2754.03,2697.145,2729.3,136.465,972427,0.0000,1.0
2022-04-06,2783.23,2796.97,2728.3622,2743.52,137.176,1178730,0.0000,1.0
2022-04-05,2867.99,2871.8,2818.87,2821.26,141.063,926553,0.0000,1.0
2022-04-04,2816.49,2880.875,2816.49,2872.85,143.6425,954245,0.0000,1.0
2022-04-01,2800.2,2819.0,2775.94,2814.0,140.7,1174001,0.0000,1.0
2022-03-31,2848.97,2852.89,2792.38,2792.99,139.6495,1475816,0.0000,1.0
2022-03-30,2857.4,2869.61,2843.36,2852.89,142.6445,1052319,0.0000,1.0
2022-03-29,2863.21,2883.25,2849.68,2865.0,143.25,1433921,0.0000,1.0
2022-03-28,2813.69,2839.53,2796.5627,2839.0,141.95,1188654,0.0000,1.0
2022-03-25,2835.08,2839.19,2793.99,2830.43,141.5215,946137,0.0000,1.0
2022-03-24,2785.45,2827.93,2760.7876,2826.24,141.312,1027236,0.0000,1.0
2022-03-23,2782.77,2800.5,2763.33,2770.07,138.5035,1265116,0.0000,1.0
2022-03-22,2730.0,2830.0,2730.0,2805.55,140.2775,1485315,0.0000,1.0
2022-03-21,2736.95,2751.65,2692.23,2729.57,136.4785,1311843,0.0000,1.0
2022-03-18,2677.68,2738.27,2658.64,2736.03,136.8015,2274522,0.0000,1.0
2022-03-17,2666.42,2694.7899,2654.38,2692.01,134.6005,1199719,0.0000,1.0
2022-03-16,2620.0,2675.42,2584.02,2673.81,133.6905,1602910,0.0000,1.0
2022-03-15,2554.83,2610.345,2531.36,2593.21,129.6605,1514630,0.0000,1.0
2022-03-14,2611.46,2620.52,2528.26,2534.82,126.741,1512693,0.0000,1.0
2022-03-11,2679.99,2684.0,2605.93,2609.51,130.4755,1329990,0.0000,1.0
2022-03-10,2629.25,2670.77,2628.02,2653.64,132.682,1213260,0.0000,1.0
2022-03-09,2628.0,2683.97,2601.76,2677.32,133.866,1612872,0.0000,1.0
2022-03-08,2525.01,2624.93,2517.215,2545.57,127.2785,1762478,0.0000,1.0
2022-03-07,2638.08,2638.08,2528.2,2529.29,126.4645,1958895,0.0000,1.0
2022-03-04,2667.65,2683.98,2608.17,2642.44,132.122,1223612,0.0000,1.0
2022-03-03,2719.57,2734.2759,2668.62,2686.16,134.308,988965,0.0000,1.0
2022-03-02,2692.165,2712.31,2668.65,2695.03,134.7515,1198337,0.0000,1.0
2022-03-01,2689.6,2722.22,2667.57,2683.36,134.168,1231996,0.0000,1.0
2022-02-28,2665.69,2712.81,2656.505,2697.82,134.891,1483784,0.0000,1.0
2022-02-25,2670.51,2707.78,2635.3,2690.39,134.5195,1311793,0.0000,1.0
2022-02-24,2500.0,2660.74,2495.29,2653.47,132.6735,2158254,0.0000,1.0
2022-02-23,2621.57,2634.98,2550.07,2551.7,127.585,1321564,0.0000,1.0
2022-02-22,2599.7,2638.015,2554.82,2588.05,129.4025,1922576,0.0000,1.0
2022-02-18,2660.75,2676.48,2606.1405,2609.35,130.4675,1592930,0.0000,1.0
2022-02-17,2723.0,2736.79,2644.04,2646.17,132.3085,1548406,0.0000,1.0
2022-02-16,2728.61,2758.92,2696.4728,2749.75,137.4875,1280483,0.0000,1.0
2022-02-15,2749.43,2758.0,2710.7901,2728.51,136.4255,1328878,0.0000,1.0
2022-02-14,2667.31,2723.3299,2666.04,2706.0,135.3,1339640,0.0000,1.0
2022-02-11,2775.0,2785.665,2665.77,2682.6,134.13,1940440,0.0000,1.0
2022-02-10,2790.0,2828.62,2761.0,2772.05,138.6025,1650885,0.0000,1.0
2022-02-09,2816.995,2843.51,2807.54,2829.06,141.453,1431358,0.0000,1.0
2022-02-08,2779.825,2796.7424,2737.46,2784.26,139.213,1712752,0.0000,1.0
2022-02-07,2874.18,2876.9299,2773.98,2778.76,138.938,2230537,0.0000,1.0
2022-02-04,2860.34,2890.705,2796.35,2860.32,143.016,2461220,0.0000,1.0
2022-02-03,2905.9,2982.3544,2844.1,2853.01,142.6505,2846507,0.0000,1.0
2022-02-02,3037.27,3042.0,2911.1501,2960.73,148.0365,4487538,0.0000,1.0
2022-02-01,2756.7,2764.0,2691.3645,2757.57,137.8785,2560160,0.0000,1.0
2022-01-31,2683.96,2716.87,2645.48,2713.97,135.6985,1702778,0.0000,1.0
2022-01-28,2600.0,2667.41,2573.89,2665.79,133.2895,1525878,0.0000,1.0
2022-01-27,2627.22,2652.1988,2578.9,2582.42,129.121,1514251,0.0000,1.0
2022-01-26,2611.85,2656.15,2543.07,2584.8,129.24,1981544,0.0000,1.0
2022-01-25,2568.71,2586.77,2527.56,2534.71,126.7355,1800430,0.0000,1.0
2022-01-24,2520.55,2615.57,2492.839,2607.44,130.372,2764602,0.0000,1.0
2022-01-21,2660.24,2695.21,2600.02,2601.84,130.092,2095961,0.0000,1.0
2022-01-20,2730.28,2758.24,2662.89,2670.13,133.5065,1096528,0.0000,1.0
2022-01-19,2738.77,2767.99,2710.0,2713.04,135.652,1002757,0.0000,1.0
2022-01-18,2732.0,2747.8299,2712.34,2725.81,136.2905,1347275,0.0000,1.0
2022-01-14,2750.0,2824.01,2750.0,2795.73,139.7865,1191296,0.0000,1.0
2022-01-13,2836.81,2863.71,2778.28,2782.62,139.131,1328254,0.0000,1.0
2022-01-12,2831.09,2856.2849,2822.24,2832.96,141.648,1182079,0.0000,1.0
2022-01-11,2763.61,2806.59,2736.27,2800.35,140.0175,1148153,0.0000,1.0
2022-01-10,2701.98,2772.8,2662.81,2771.48,138.574,1704784,0.0000,1.0
2022-01-07,2758.1,2765.0949,2715.78,2740.09,137.0045,970412,0.0000,1.0
2022-01-06,2749.95,2793.72,2735.27,2751.02,137.551,1452452,0.0000,1.0
2022-01-05,2883.62,2885.96,2750.47,2753.07,137.6535,2482076,0.0000,1.0
2022-01-04,2911.01,2932.2,2876.3225,2888.33,144.4165,1146389,0.0000,1.0
2022-01-03,2889.51,2911.0,2870.05,2901.49,145.0745,1261225,0.0000,1.0
2021-12-31,2910.88,2927.3,2893.55,2893.59,144.6795,847077,0.0000,1.0
2021-12-30,2929.0,2941.25,2915.17,2920.05,146.0025,648851,0.0000,1.0
2021-12-29,2928.59,2943.675,2910.09,2930.09,146.5045,851236,0.0000,1.0
2021-12-28,2967.49,2967.49,2918.71,2928.96,146.448,931792,0.0000,1.0
2021-12-27,2949.27,2968.53,2945.0,2961.28,148.064,662966,0.0000,1.0
2021-12-23,2941.79,2971.4519,2939.0168,2942.85,147.1425,690934,0.0000,1.0
2021-12-22,2882.0,2946.06,2879.26,2938.98,146.949,922024,0.0000,1.0
2021-12-21,2863.0,2893.8413,2834.7,2884.41,144.2205,977597,0.0000,1.0
2021-12-20,2813.5919,2852.21,2805.0,2848.03,142.4015,1013176,0.0000,1.0
2021-12-17,2854.29,2889.2019,2835.76,2856.06,142.803,2170235,0.0000,1.0
2021-12-16,2961.54,2971.03,2881.85,2896.77,144.8385,1369987,0.0000,1.0
2021-12-15,2887.32,2950.345,2854.11,2947.37,147.3685,1364048,0.0000,1.0
2021-12-14,2895.4,2908.84,2844.85,2899.41,144.9705,1238940,0.0000,1.0
2021-12-13,2968.88,2971.25,2927.2,2934.09,146.7045,1205196,0.0000,1.0
2021-12-10,2982.0,2988.0,2947.15,2973.5,148.675,1081923,0.0000,1.0
2021-12-09,2963.52,2992.1,2950.58,2962.12,148.106,929030,0.0000,1.0
2021-12-08,2966.63,2983.13,2944.0,2974.41,148.7205,948197,0.0000,1.0
2021-12-07,2919.0,2966.0,2914.05,2960.73,148.0365,1162914,0.0000,1.0
2021-12-06,2871.48,2887.03,2812.94,2875.93,143.7965,1109885,0.0000,1.0
2021-12-03,2889.91,2904.2599,2823.0,2850.41,142.5205,1334374,0.0000,1.0
2021-12-02,2836.48,2893.5,2819.64,2875.53,143.7765,1062535,0.0000,1.0
2021-12-01,2884.25,2929.9825,2830.0,2832.36,141.618,1427289,0.0000,1.0
2021-11-30,2909.005,2932.57,2841.32,2849.04,142.452,2079526,0.0000,1.0
2021-11-29,2885.97,2937.24,2885.97,2922.28,146.114,1313806,0.0000,1.0
2021-11-26,2900.31,2905.9404,2849.71,2856.12,142.806,849606,0.0000,1.0
2021-11-24,2927.0,2940.0,2903.98,2934.35,146.7175,823203,0.0000,1.0
2021-11-23,2942.26,2953.88,2897.79,2935.14,146.757,906657,0.0000,1.0
2021-11-22,3002.8352,3014.89,2940.11,2941.57,147.0785,1231385,0.0000,1.0
2021-11-19,3020.0,3037.0,2997.75,2999.05,149.9525,989148,0.0000,1.0
2021-11-18,2982.92,3032.2,2979.97,3014.18,150.709,1334120,0.0000,1.0
2021-11-17,2984.58,2992.52,2971.26,2981.24,149.062,764541,0.0000,1.0
2021-11-16,2983.41,2996.65,2967.0,2981.52,149.076,862743,0.0000,1.0
2021-11-15,3000.0,3009.54,2973.05,2987.76,149.388,812367,0.0000,1.0
2021-11-12,2956.63,2997.19,2929.08,2992.91,149.6455,849970,0.0000,1.0
2021-11-11,2942.14,2970.045,2933.89,2934.96,146.748,623155,0.0000,1.0
2021-11-10,2960.195,2973.9999,2906.5,2932.52,146.626,1135416,0.0000,1.0
2021-11-09,2994.92,3007.57,2950.14,2984.97,149.2485,842214,0.0000,1.0
2021-11-08,3000.0,3020.6899,2982.4,2987.03,149.3515,919407,0.0000,1.0
2021-11-05,2987.07,3011.4145,2973.04,2984.82,149.241,1020407,0.0000,1.0
2021-11-04,2944.0,2999.0,2932.7,2973.66,148.683,1235040,0.0000,1.0
2021-11-03,2925.5,2938.21,2901.07,2935.8,146.79,894330,0.0000,1.0
2021-11-02,2896.1877,2938.41,2892.82,2917.26,145.863,1054648,0.0000,1.0
2021-11-01,2963.3,2967.99,2871.59,2875.48,143.774,1578447,0.0000,1.0
2021-10-29,2910.4,2972.26,2903.33,2965.41,148.2705,1447725,0.0000,1.0
2021-10-28,2945.98,2948.49,2895.27,2922.58,146.129,1620903,0.0000,1.0
2021-10-27,2798.05,2982.36,2798.05,2928.55,146.4275,2592546,0.0000,1.0
2021-10-26,2812.12,2816.79,2780.11,2793.44,139.672,1412937,0.0000,1.0
2021-10-25,2776.21,2784.116,2734.97,2775.46,138.773,1054085,0.0000,1.0
2021-10-22,2807.02,2831.17,2743.41,2772.5,138.625,1509132,0.0000,1.0
2021-10-21,2843.84,2856.99,2832.74,2855.61,142.7805,742496,0.0000,1.0
2021-10-20,2884.45,2884.955,2838.24,2848.3,142.415,896975,0.0000,1.0
2021-10-19,2865.83,2882.14,2861.92,2876.44,143.822,765792,0.0000,1.0
2021-10-18,2824.27,2859.975,2824.27,2859.21,142.9605,828360,0.0000,1.0
2021-10-15,2844.0,2844.0,2821.29,2833.5,141.675,1062668,0.0000,1.0
2021-10-14,2799.04,2833.03,2786.78,2828.24,141.412,1071878,0.0000,1.0
2021-10-13,2755.0,2771.0,2739.53,2758.0,137.9,819664,0.0000,1.0
2021-10-12,2792.75,2793.9,2725.0,2734.26,136.713,1126751,0.0000,1.0
2021-10-11,2796.0,2815.2725,2776.13,2776.95,138.8475,829238,0.0000,1.0
2021-10-08,2798.12,2806.34,2788.5868,2801.12,140.056,946421,0.0000,1.0
2021-10-07,2777.26,2803.0891,2771.26,2783.71,139.1855,912523,0.0000,1.0
2021-10-06,2692.51,2757.04,2689.73,2747.08,137.354,988216,0.0000,1.0
2021-10-05,2680.0,2747.24,2680.0,2723.54,136.177,1206337,0.0000,1.0
2021-10-04,2713.99,2714.0,2623.33,2675.3,133.765,1576495,0.0000,1.0
2021-10-01,2671.09,2741.42,2667.55,2729.25,136.4625,1419365,0.0000,1.0
2021-09-30,2686.5,2711.8,2660.0,2665.31,133.2655,1768199,0.0000,1.0
2021-09-29,2742.1938,2747.97,2685.0,2690.42,134.521,1316861,0.0000,1.0
2021-09-28,2781.77,2792.13,2714.0,2723.68,136.184,2109483,0.0000,1.0
2021-09-27,2831.71,2850.0,2810.0,2830.02,141.501,942204,0.0000,1.0
2021-09-24,2818.92,2858.07,2817.01,2852.66,142.633,747467,0.0000,1.0
2021-09-23,2832.19,2845.0493,2821.93,2836.53,141.8265,863805,0.0000,1.0
2021-09-22,2801.01,2831.67,2789.435,2818.77,140.9385,1103390,0.0000,1.0
2021-09-21,2802.34,2816.2323,2778.11,2792.93,139.6465,906469,0.0000,1.0
2021-09-20,2780.0035,2787.25,2741.06,2780.34,139.017,1745886,0.0000,1.0
2021-09-17,2875.97,2884.99,2821.23,2829.27,141.4635,3001991,0.0000,1.0
2021-09-16,2902.42,2904.0,2868.3272,2887.47,144.3735,1014942,0.0000,1.0
2021-09-15,2875.18,2911.63,2845.12,2904.12,145.206,1032671,0.0000,1.0
2021-09-14,2883.22,2894.55,2858.11,2868.12,143.406,945957,0.0000,1.0
2021-09-13,2864.02,2883.82,2845.65,2869.3,143.465,1008781,0.0000,1.0
2021-09-10,2908.87,2920.38,2834.83,2838.42,141.921,1644831,0.0000,1.0
2021-09-09,2897.67,2913.39,2888.68,2898.27,144.9135,739928,0.0000,1.0
2021-09-08,2907.87,2911.02,2884.0,2897.67,144.8835,774583,0.0000,1.0
2021-09-07,2894.99,2916.48,2890.82,2910.38,145.519,758630,0.0000,1.0
2021-09-03,2882.92,2907.54,2870.1,2895.5,144.775,955524,0.0000,1.0
2021-09-02,2918.99,2926.5,2882.13,2884.38,144.219,1092790,0.0000,1.0
2021-09-01,2913.0,2936.4099,2912.29,2916.84,145.842,791234,0.0000,1.0
2021-08-31,2917.69,2922.24,2900.0,2909.24,145.462,1337821,0.0000,1.0
2021-08-30,2894.09,2929.7899,2892.0,2909.39,145.4695,845795,0.0000,1.0
2021-08-27,2842.25,2900.22,2840.4,2891.01,144.5505,1228412,0.0000,1.0
2021-08-26,2852.37,2862.696,2841.83,2842.46,142.123,746100,0.0000,1.0
2021-08-25,2857.66,2866.26,2848.79,2859.0,142.95,642153,0.0000,1.0
2021-08-24,2830.87,2860.15,2827.07,2847.97,142.3985,756313,0.0000,1.0
2021-08-23,2779.97,2843.5399,2774.9586,2821.99,141.0995,1054484,0.0000,1.0
2021-08-20,2741.66,2772.29,2729.34,2768.74,138.437,778337,0.0000,1.0
2021-08-19,2709.35,2749.04,2707.12,2738.27,136.9135,914796,0.0000,1.0
2021-08-18,2742.31,2765.88,2728.42,2731.4,136.57,746723,0.0000,1.0
2021-08-17,2763.82,2774.37,2735.75,2746.01,137.3005,1063701,0.0000,1.0
2021-08-16,2760.0,2779.81,2723.315,2778.32,138.916,902542,0.0000,1.0
2021-08-13,2767.15,2773.48,2760.1,2768.12,138.406,626348,0.0000,1.0
2021-08-12,2754.26,2768.36,2735.58,2767.79,138.3895,732470,0.0000,1.0
2021-08-11,2765.66,2776.955,2747.0,2753.79,137.6895,760483,0.0000,1.0
2021-08-10,2761.59,2771.03,2744.53,2761.93,138.0965,801954,0.0000,1.0
2021-08-09,2738.98,2766.43,2728.575,2760.04,138.002,618978,0.0000,1.0
2021-08-06,2725.9,2741.6009,2720.93,2740.72,137.036,678251,0.0000,1.0
2021-08-05,2720.57,2739.0,2712.0,2738.8,136.94,593589,0.0000,1.0
2021-08-04,2724.99,2730.76,2708.3,2720.57,136.0285,826357,0.0000,1.0
2021-08-03,2720.0,2726.71,2683.67,2725.6,136.28,953200,0.0000,1.0
2021-08-02,2709.69,2720.41,2693.39,2719.79,135.9895,1007002,0.0000,1.0
2021-07-30,2710.22,2715.4273,2696.284,2704.42,135.221,1197725,0.0000,1.0
2021-07-29,2727.612,2743.03,2722.76,2730.81,136.5405,948565,0.0000,1.0
2021-07-28,2771.24,2793.52,2727.0,2727.63,136.3815,2734417,0.0000,1.0
2021-07-27,2800.22,2800.22,2702.0,2735.93,136.7965,2108153,0.0000,1.0
2021-07-26,2765.0,2794.26,2753.0201,2792.89,139.6445,1152623,0.0000,1.0
2021-07-23,2705.2,2776.17,2694.01,2756.32,137.816,1318887,0.0000,1.0
2021-07-22,2653.0,2670.09,2648.0,2666.57,133.3285,680407,0.0000,1.0
2021-07-21,2615.74,2652.345,2612.03,2652.01,132.6005,737082,0.0000,1.0
2021-07-20,2600.08,2640.0271,2583.7675,2622.03,131.1015,954156,0.0000,1.0
2021-07-19,2623.11,2624.94,2570.74,2585.08,129.254,1285466,0.0000,1.0
2021-07-16,2632.82,2643.66,2616.43,2636.91,131.8455,743059,0.0000,1.0
2021-07-15,2650.0,2651.9,2611.96,2625.33,131.2665,829316,0.0000,1.0
2021-07-14,2638.03,2659.9199,2637.96,2641.65,132.0825,895927,0.0000,1.0
2021-07-13,2617.63,2640.8399,2612.74,2619.89,130.9945,830898,0.0000,1.0
2021-07-12,2596.67,2615.4,2592.0,2611.28,130.564,847546,0.0000,1.0
2021-07-09,2578.89,2596.99,2578.87,2591.49,129.5745,755466,0.0000,1.0
2021-07-08,2565.0,2600.65,2560.8,2583.54,129.177,988975,0.0000,1.0
2021-07-07,2606.82,2612.7983,2595.2,2601.55,130.0775,834186,0.0000,1.0
2021-07-06,2588.99,2597.69,2568.18,2595.42,129.771,1067517,0.0000,1.0
2021-07-02,2536.79,2576.96,2535.38,2574.38,128.719,1058256,0.0000,1.0
2021-07-01,2496.995,2529.25,2496.995,2527.37,126.3685,856230,0.0000,1.0
2021-06-30,2513.0713,2516.0,2495.15,2506.32,125.316,1200478,0.0000,1.0
2021-06-29,2535.45,2540.0,2508.74,2520.37,126.0185,1047478,0.0000,1.0
2021-06-28,2540.0,2546.74,2519.4756,2536.39,126.8195,1405543,0.0000,1.0
2021-06-25,2539.14,2550.1,2528.88,2539.9,126.995,1674297,0.0000,1.0
2021-06-24,2541.07,2550.71,2539.2,2545.64,127.282,946662,0.0000,1.0
2021-06-23,2531.0,2555.92,2525.04,2529.23,126.4615,984658,0.0000,1.0
2021-06-22,2529.0,2545.4,2520.53,2539.99,126.9995,1049310,0.0000,1.0
2021-06-21,2514.8,2540.7349,2502.685,2529.1,126.455,1312826,0.0000,1.0
2021-06-18,2514.11,2527.78,2492.06,2511.35,125.5675,2665310,0.0000,1.0
2021-06-17,2510.46,2543.93,2510.3,2527.42,126.371,1287791,0.0000,1.0
2021-06-16,2524.95,2530.47,2482.9994,2513.93,125.6965,1307168,0.0000,1.0
2021-06-15,2530.44,2537.24,2512.97,2520.66,126.033,1109130,0.0000,1.0
2021-06-14,2513.39,2528.23,2500.94,2527.04,126.352,1127522,0.0000,1.0
2021-06-11,2524.92,2526.99,2498.29,2513.93,125.6965,1262309,0.0000,1.0
2021-06-10,2494.01,2523.26,2494.0,2521.6,126.08,1561733,0.0000,1.0
2021-06-09,2499.5,2505.0,2487.33,2491.4,124.57,1006337,0.0000,1.0
2021-06-08,2479.9,2494.495,2468.24,2482.85,124.1425,1253253,0.0000,1.0
2021-06-07,2451.32,2468.0,2441.0725,2466.09,123.3045,1192453,0.0000,1.0
2021-06-04,2422.52,2453.859,2417.77,2451.76,122.588,1297434,0.0000,1.0
2021-06-03,2395.02,2409.745,2382.83,2404.61,120.2305,917291,0.0000,1.0
2021-06-02,2435.31,2442.0,2404.2,2421.28,121.064,858105,0.0000,1.0
2021-06-01,2422.0,2437.9709,2404.88,2429.81,121.4905,958289,0.0000,1.0
2021-05-28,2421.96,2428.14,2407.69,2411.56,120.578,1205382,0.0000,1.0
2021-05-27,2436.94,2440.0,2402.0,2402.51,120.1255,1948113,0.0000,1.0
2021-05-26,2412.835,2442.944,2412.515,2433.53,121.6765,1092819,0.0000,1.0
2021-05-25,2420.0,2432.89,2402.99,2409.07,120.4535,941928,0.0000,1.0
2021-05-24,2367.0,2418.48,2360.11,2406.67,120.3335,1062189,0.0000,1.0
2021-05-21,2365.99,2368.9999,2342.37,2345.1,117.255,1141632,0.0000,1.0
2021-05-20,2328.04,2360.34,2321.09,2356.09,117.8045,1191593,0.0000,1.0
2021-05-19,2264.4,2316.76,2263.52,2308.71,115.4355,967544,0.0000,1.0
2021-05-18,2336.9056,2343.15,2303.16,2303.43,115.1715,865119,0.0000,1.0
2021-05-17,2309.32,2323.34,2295.0,2321.41,116.0705,992416,0.0000,1.0
2021-05-14,2291.83,2321.14,2283.32,2316.16,115.808,1331248,0.0000,1.0
2021-05-13,2261.09,2276.6012,2242.72,2261.97,113.0985,1333508,0.0000,1.0
2021-05-12,2261.71,2285.37,2230.05,2239.08,111.954,1746664,0.0000,1.0
2021-05-11,2291.86,2322.0,2283.0,2308.76,115.438,1605548,0.0000,1.0
2021-05-10,2374.89,2378.0,2334.73,2341.66,117.083,1300271,0.0000,1.0
2021-05-07,2400.0,2416.41,2390.0,2398.69,119.9345,1163892,0.0000,1.0
2021-05-06,2350.64,2382.71,2342.3382,2381.35,119.0675,1030859,0.0000,1.0
2021-05-05,2368.42,2382.2,2351.41,2356.74,117.837,1090275,0.0000,1.0
2021-05-04,2369.74,2379.26,2311.7,2354.25,117.7125,1756015,0.0000,1.0
2021-05-03,2402.72,2419.7,2384.5,2395.17,119.7585,1689389,0.0000,1.0
2021-04-30,2404.49,2427.14,2402.16,2410.12,120.506,1957130,0.0000,1.0
2021-04-29,2410.33,2436.52,2402.28,2429.89,121.4945,1977677,0.0000,1.0
2021-04-28,2407.145,2452.378,2374.85,2379.91,118.9955,2986439,0.0000,1.0
2021-04-27,2336.0,2337.45,2304.27,2307.12,115.356,1598583,0.0000,1.0
2021-04-26,2319.93,2341.26,2313.84,2326.74,116.337,1041650,0.0000,1.0
2021-04-23,2283.47,2325.82,2278.21,2315.3,115.765,1435162,0.0000,1.0
2021-04-22,2293.23,2303.7621,2256.45,2267.92,113.396,1054808,0.0000,1.0
2021-04-21,2285.25,2295.32,2258.57,2293.29,114.6645,1196731,0.0000,1.0
2021-04-20,2307.89,2309.6,2271.71,2293.63,114.6815,1088749,0.0000,1.0
2021-04-19,2291.98,2318.45,2287.845,2302.4,115.12,1234445,0.0000,1.0
2021-04-16,2303.0,2306.44,2284.45,2297.76,114.888,1130090,0.0000,1.0
2021-04-15,2276.98,2306.5965,2266.0,2296.66,114.833,1373612,0.0000,1.0
2021-04-14,2275.16,2277.99,2249.19,2254.84,112.742,1010967,0.0000,1.0
2021-04-13,2261.47,2277.21,2256.09,2267.27,113.3635,1165804,0.0000,1.0
2021-04-12,2266.25,2275.32,2238.465,2254.79,112.7395,1565851,0.0000,1.0
2021-04-09,2256.7,2289.04,2253.7139,2285.88,114.294,1044365,0.0000,1.0
2021-04-08,2277.96,2284.005,2257.68,2265.44,113.272,1358259,0.0000,1.0
2021-04-07,2226.13,2255.0,2225.3303,2249.68,112.484,1289861,0.0000,1.0
2021-04-06,2222.5,2237.66,2214.8,2224.75,111.2375,1353036,0.0000,1.0
2021-04-05,2152.94,2237.31,2151.62,2225.55,111.2775,2164875,0.0000,1.0
2021-04-01,2097.95,2142.94,2096.89,2137.75,106.8875,1698978,0.0000,1.0
2021-03-31,2059.12,2093.3273,2056.745,2068.63,103.4315,1459930,0.0000,1.0
2021-03-30,2057.63,2070.78,2044.03,2055.54,102.777,1036774,0.0000,1.0
2021-03-29,2027.88,2058.43,2015.62,2055.95,102.7975,1229777,0.0000,1.0
2021-03-26,2038.86,2050.99,2014.0201,2035.55,101.7775,1493800,0.0000,1.0
2021-03-25,2044.81,2058.87,2010.73,2044.36,102.218,1418907,0.0000,1.0
2021-03-24,2065.37,2078.21,2041.555,2045.06,102.253,1154029,0.0000,1.0
2021-03-23,2051.7,2072.3025,2039.22,2052.96,102.648,1366997,0.0000,1.0
2021-03-22,2041.84,2057.99,2026.07,2038.59,101.9295,1954816,0.0000,1.0
2021-03-19,2042.05,2053.1,2017.68,2043.2,102.16,2314893,0.0000,1.0
2021-03-18,2061.0,2075.5,2033.55,2036.22,101.811,1362430,0.0000,1.0
2021-03-17,2076.03,2109.78,2054.0,2091.08,104.554,1299016,0.0000,1.0
2021-03-16,2078.99,2123.56,2070.0,2092.52,104.626,1491564,0.0000,1.0
2021-03-15,2062.3,2067.06,2043.51,2066.49,103.3245,1298325,0.0000,1.0
2021-03-12,2085.0,2090.26,2047.55,2061.92,103.096,1725794,0.0000,1.0
2021-03-11,2074.06,2125.7,2072.38,2114.77,105.7385,1239080,0.0000,1.0
2021-03-10,2071.76,2075.0,2033.37,2055.03,102.7515,1268592,0.0000,1.0
2021-03-09,2070.0,2078.04,2047.83,2052.7,102.635,1697306,0.0000,1.0
2021-03-08,2101.13,2128.81,2021.61,2024.17,101.2085,1647429,0.0000,1.0
2021-03-05,2073.12,2118.11,2046.415,2108.54,105.427,2195218,0.0000,1.0
2021-03-04,2023.37,2089.24,2020.27,2049.09,102.4545,2118006,0.0000,1.0
2021-03-03,2067.21,2088.518,2010.0,2026.71,101.3355,1484181,0.0000,1.0
2021-03-02,2076.19,2104.37,2071.26,2075.84,103.792,1134595,0.0000,1.0
2021-03-01,2056.52,2086.52,2046.1,2081.51,104.0755,1405115,0.0000,1.0
2021-02-26,2050.52,2071.0099,2016.06,2036.86,101.843,2076974,0.0000,1.0
2021-02-25,2067.45,2094.88,2021.29,2031.36,101.568,1761201,0.0000,1.0
2021-02-24,2041.83,2100.78,2038.13,2095.17,104.7585,1248349,0.0000,1.0
2021-02-23,2025.01,2082.01,2002.02,2070.86,103.543,1667377,0.0000,1.0
2021-02-22,2067.0,2091.42,2062.14,2064.88,103.244,1349856,0.0000,1.0
2021-02-19,2119.27,2130.53,2097.41,2101.14,105.057,1457612,0.0000,1.0
2021-02-18,2110.39,2132.735,2103.71,2117.2,105.86,1121855,0.0000,1.0
2021-02-17,2100.0,2133.66,2098.92,2128.31,106.4155,1020252,0.0000,1.0
2021-02-16,2104.36,2152.68,2104.36,2121.9,106.095,1133838,0.0000,1.0
2021-02-12,2090.25,2108.82,2083.13,2104.11,105.2055,855865,0.0000,1.0
2021-02-11,2099.51,2102.03,2077.32,2095.89,104.7945,945650,0.0000,1.0
2021-02-10,2094.21,2108.37,2063.09,2095.38,104.769,1132741,0.0000,1.0
2021-02-09,2078.54,2105.13,2078.54,2083.51,104.1755,886247,0.0000,1.0
2021-02-08,2105.91,2123.5469,2072.0,2092.91,104.6455,1242411,0.0000,1.0
2021-02-05,2070.0,2102.51,2059.33,2098.0,104.9,1535135,0.0000,1.0
2021-02-04,2068.89,2078.55,2042.59,2062.37,103.1185,1852329,0.0000,1.0
2021-02-03,2073.0,2116.5,2018.38,2070.07,103.5035,4118170,0.0000,1.0
2021-02-02,1922.56,1955.76,1914.49,1927.51,96.3755,2103864,0.0000,1.0
2021-02-01,1853.57,1922.3918,1850.93,1901.35,95.0675,1602182,0.0000,1.0
2021-01-29,1846.17,1857.28,1810.2,1835.74,91.787,1612552,0.0000,1.0
2021-01-28,1843.94,1898.83,1842.64,1863.11,93.1555,1773138,0.0000,1.0
2021-01-27,1882.53,1890.0,1809.0,1830.79,91.5395,2748292,0.0000,1.0
2021-01-26,1888.84,1925.0,1884.245,1917.24,95.862,1313139,0.0000,1.0
2021-01-25,1920.67,1929.58,1867.53,1899.4,94.97,1927320,0.0000,1.0
2021-01-22,1895.68,1910.95,1881.76,1901.05,95.0525,1272232,0.0000,1.0
2021-01-21,1898.0,1934.86,1887.11,1891.25,94.5625,2063932,0.0000,1.0
2021-01-20,1831.46,1903.71,1825.53,1886.9,94.345,2490258,0.0000,1.0
2021-01-19,1752.25,1809.275,1741.46,1790.86,89.543,1734614,0.0000,1.0
2021-01-15,1738.19,1756.0,1721.55,1736.19,86.8095,1342170,0.0000,1.0
2021-01-14,1753.62,1775.01,1733.4,1740.18,87.009,1179477,0.0000,1.0
2021-01-13,1738.58,1765.035,1738.01,1754.4,87.72,1094131,0.0000,1.0
2021-01-12,1753.92,1778.04,1725.31,1746.55,87.3275,1356464,0.0000,1.0
2021-01-11,1786.07,1794.315,1760.5201,1766.72,88.336,1209735,0.0000,1.0
2021-01-08,1787.98,1809.84,1773.535,1807.21,90.3605,2051002,0.0000,1.0
2021-01-07,1740.06,1788.4,1737.05,1787.25,89.3625,2265022,0.0000,1.0
2021-01-06,1702.63,1748.0,1699.0,1735.29,86.7645,2602114,0.0000,1.0
2021-01-05,1725.0,1747.67,1718.015,1740.92,87.046,1145347,0.0000,1.0
2021-01-04,1757.54,1760.65,1707.85,1728.24,86.412,1901855,0.0000,1.0
2020-12-31,1735.42,1758.93,1735.42,1751.88,87.594,1012240,0.0000,1.0
2020-12-30,1762.01,1765.095,1725.6,1739.52,86.976,1306130,0.0000,1.0
2020-12-29,1787.79,1792.44,1756.09,1758.72,87.936,1299395,0.0000,1.0
2020-12-28,1751.635,1790.7276,1746.335,1776.09,88.8045,1390962,0.0000,1.0
2020-12-24,1735.0,1746.0,1729.11,1738.85,86.9425,346753,0.0000,1.0
2020-12-23,1728.11,1747.99,1725.04,1732.38,86.619,1033917,0.0000,1.0
2020-12-22,1734.43,1737.405,1712.575,1723.5,86.175,938346,0.0000,1.0
2020-12-21,1713.51,1740.85,1699.0,1739.37,86.9685,1828378,0.0000,1.0
2020-12-18,1754.18,1755.11,1720.22,1731.01,86.5505,4016353,0.0000,1.0
2020-12-17,1768.51,1771.7836,1738.66,1747.9,87.395,1624744,0.0000,1.0
2020-12-16,1772.88,1773.0,1756.08,1763.0,88.15,1513543,0.0000,1.0
2020-12-15,1764.42,1771.42,1749.95,1767.77,88.3885,1482261,0.0000,1.0
2020-12-14,1775.0,1797.39,1757.215,1760.06,88.003,1600173,0.0000,1.0
2020-12-11,1763.06,1784.45,1760.0,1781.77,89.0885,1220651,0.0000,1.0
2020-12-10,1769.8,1781.31,1740.32,1775.33,88.7665,1362848,0.0000,1.0
2020-12-09,1812.01,1834.27,1767.81,1784.13,89.2065,1507558,0.0000,1.0
2020-12-08,1810.1,1821.9,1796.2047,1818.55,90.9275,1096319,0.0000,1.0
2020-12-07,1819.0,1832.37,1805.78,1819.48,90.974,1320946,0.0000,1.0
2020-12-04,1824.52,1833.16,1816.99,1827.99,91.3995,1378166,0.0000,1.0
2020-12-03,1824.01,1847.2,1822.65,1826.77,91.3385,1227298,0.0000,1.0
2020-12-02,1798.1,1835.65,1789.4725,1827.95,91.3975,1222032,0.0000,1.0
2020-12-01,1774.37,1824.83,1769.37,1798.1,89.905,1693593,0.0000,1.0
2020-11-30,1781.1844,1788.065,1755.0,1760.74,88.037,1823836,0.0000,1.0
2020-11-27,1773.09,1804.0,1772.44,1793.19,89.6595,884916,0.0000,1.0
2020-11-25,1772.89,1778.54,1756.54,1771.43,88.5715,1046122,0.0000,1.0
2020-11-24,1730.5,1771.6,1727.69,1768.88,88.444,1491698,0.0000,1.0
2020-11-23,1749.6,1753.9,1717.72,1734.86,86.743,2161975,0.0000,1.0
2020-11-20,1765.21,1774.0,1741.86,1742.19,87.1095,2313655,0.0000,1.0
2020-11-19,1738.38,1769.5897,1737.005,1763.92,88.196,1249910,0.0000,1.0
2020-11-18,1765.23,1773.47,1746.14,1746.78,87.339,1173466,0.0000,1.0
2020-11-17,1776.94,1785.0,1767.0,1770.15,88.5075,1147114,0.0000,1.0
2020-11-16,1771.7,1799.07,1767.69,1781.38,89.069,1246785,0.0000,1.0
2020-11-13,1757.63,1781.04,1744.55,1777.02,88.851,1500574,0.0000,1.0
2020-11-12,1747.63,1768.27,1745.6,1749.84,87.492,1248754,0.0000,1.0
2020-11-11,1750.0,1764.22,1747.365,1752.71,87.6355,1263966,0.0000,1.0
2020-11-10,1731.09,1763.0,1717.3,1740.39,87.0195,2636142,0.0000,1.0
2020-11-09,1790.9,1818.06,1760.02,1763.0,88.15,2268270,0.0000,1.0
2020-11-06,1753.95,1772.43,1740.35,1761.75,88.0875,1661225,0.0000,1.0
2020-11-05,1781.0,1793.64,1750.51,1763.37,88.1685,2065812,0.0000,1.0
2020-11-04,1710.28,1771.365,1706.0301,1749.13,87.4565,3570927,0.0000,1.0
2020-11-03,1631.78,1661.7,1616.6201,1650.21,82.5105,1661653,0.0000,1.0
2020-11-02,1628.16,1660.77,1616.03,1626.03,81.3015,2535446,0.0000,1.0
2020-10-30,1672.11,1687.0,1604.46,1621.01,81.0505,4330862,0.0000,1.0
2020-10-29,1522.36,1593.71,1522.24,1567.24,78.362,2003064,0.0000,1.0
2020-10-28,1559.74,1561.35,1514.62,1516.62,75.831,1833959,0.0000,1.0
2020-10-27,1595.67,1606.845,1582.78,1604.26,80.213,1229002,0.0000,1.0
2020-10-26,1625.01,1638.24,1576.5,1590.45,79.5225,1853254,0.0000,1.0
2020-10-23,1626.07,1642.36,1620.51,1641.0,82.05,1375844,0.0000,1.0
2020-10-22,1593.05,1621.99,1585.0,1615.33,80.7665,1434042,0.0000,1.0
2020-10-21,1573.33,1618.73,1571.6301,1593.31,79.6655,2568345,0.0000,1.0
2020-10-20,1527.05,1577.5,1525.67,1555.93,77.7965,2242572,0.0000,1.0
2020-10-19,1580.46,1588.15,1528.0,1534.61,76.7305,1607075,0.0000,1.0
2020-10-16,1565.85,1581.13,1563.0,1573.01,78.6505,1435137,0.0000,1.0
2020-10-15,1547.15,1575.105,1545.03,1559.13,77.9565,1540817,0.0000,1.0
2020-10-14,1578.59,1587.6841,1550.53,1568.08,78.404,1930990,0.0000,1.0
2020-10-13,1583.73,1590.0,1563.2,1571.68,78.584,1601043,0.0000,1.0
2020-10-12,1543.0,1593.86,1532.57,1569.15,78.4575,2482560,0.0000,1.0
2020-10-09,1494.7,1516.52,1489.45,1515.22,75.761,1435542,0.0000,1.0
2020-10-08,1465.09,1490.0,1465.09,1485.93,74.2965,1187831,0.0000,1.0
2020-10-07,1464.29,1468.96,1436.0,1460.29,73.0145,1746156,0.0000,1.0
2020-10-06,1475.58,1486.76,1448.5901,1453.44,72.672,1245423,0.0000,1.0
2020-10-05,1466.21,1488.21,1464.27,1486.02,74.301,1113257,0.0000,1.0
2020-10-02,1462.03,1483.2,1450.92,1458.42,72.921,1284071,0.0000,1.0
2020-10-01,1484.27,1499.04,1479.21,1490.09,74.5045,1779497,0.0000,1.0
2020-09-30,1466.8,1489.75,1459.88,1469.6,73.48,1701608,0.0000,1.0
2020-09-29,1470.39,1476.6632,1458.805,1469.33,73.4665,979102,0.0000,1.0
2020-09-28,1474.21,1476.8,1449.3012,1464.52,73.226,2007941,0.0000,1.0
2020-09-25,1432.63,1450.0,1413.34,1444.96,72.248,1323375,0.0000,1.0
2020-09-24,1411.03,1443.7088,1409.85,1428.29,71.4145,1450216,0.0000,1.0
2020-09-23,1458.78,1460.96,1407.7,1415.21,70.7605,1657350,0.0000,1.0
2020-09-22,1450.09,1469.52,1434.53,1465.46,73.273,1583201,0.0000,1.0
2020-09-21,1440.06,1448.36,1406.55,1431.16,71.558,2888827,0.0000,1.0
2020-09-18,1498.01,1503.0032,1437.13,1459.99,72.9995,3103882,0.0000,1.0
2020-09-17,1496.0,1508.2984,1470.0001,1495.53,74.7765,1879751,0.0000,1.0
2020-09-16,1555.54,1562.0,1519.82,1520.9,76.045,1312299,0.0000,1.0
2020-09-15,1536.0,1559.57,1531.835,1541.44,77.072,1331082,0.0000,1.0
2020-09-14,1539.005,1563.9999,1515.74,1519.28,75.964,1696589,0.0000,1.0
2020-09-11,1536.0,1575.2,1497.36,1520.72,76.036,1597087,0.0000,1.0
2020-09-10,1560.64,1584.081,1525.805,1532.02,76.601,1618557,0.0000,1.0
2020-09-09,1557.53,1569.0,1536.0511,1556.96,77.848,1774704,0.0000,1.0
2020-09-08,1533.51,1563.865,1528.01,1532.39,76.6195,2610884,0.0000,1.0
2020-09-04,1624.26,1645.11,1547.6125,1591.04,79.552,2608568,0.0000,1.0
2020-09-03,1709.7143,1709.7143,1615.06,1641.84,82.092,3107763,0.0000,1.0
2020-09-02,1673.7754,1733.1799,1666.3301,1728.28,86.414,2511180,0.0000,1.0
2020-09-01,1636.63,1665.73,1632.22,1660.71,83.0355,1826655,0.0000,1.0
2020-08-31,1647.89,1647.965,1630.31,1634.18,81.709,1823406,0.0000,1.0
2020-08-28,1633.49,1647.1699,1630.75,1644.41,82.2205,1499782,0.0000,1.0
2020-08-27,1653.68,1655.0,1625.75,1634.33,81.7165,1861602,0.0000,1.0
2020-08-26,1608.0,1659.22,1603.6,1652.38,82.619,3581072,0.0000,1.0
2020-08-25,1582.07,1611.62,1582.07,1608.22,80.411,2132084,0.0000,1.0
2020-08-24,1593.98,1614.17,1580.57,1588.2,79.41,1410229,0.0000,1.0
2020-08-21,1577.03,1597.72,1568.005,1580.42,79.021,1446453,0.0000,1.0
2020-08-20,1543.45,1585.87,1538.2,1581.75,79.0875,1706877,0.0000,1.0
2020-08-19,1553.31,1573.68,1543.95,1547.53,77.3765,1660611,0.0000,1.0
2020-08-18,1526.18,1562.47,1523.71,1558.6,77.93,2027086,0.0000,1.0
2020-08-17,1514.67,1525.61,1507.97,1517.98,75.899,1364082,0.0000,1.0
2020-08-14,1515.66,1521.9,1502.88,1507.73,75.3865,1355200,0.0000,1.0
2020-08-13,1510.34,1537.25,1508.005,1518.45,75.9225,1455208,0.0000,1.0
2020-08-12,1485.58,1512.3859,1485.25,1506.62,75.331,1437655,0.0000,1.0
2020-08-11,1492.44,1510.0,1478.0,1480.32,74.016,1454365,0.0000,1.0
2020-08-10,1487.18,1504.075,1473.08,1496.1,74.805,1289530,0.0000,1.0
2020-08-07,1500.0,1516.845,1481.64,1494.49,74.7245,1577826,0.0000,1.0
2020-08-06,1471.75,1502.39,1466.0,1500.1,75.005,1995368,0.0000,1.0
2020-08-05,1469.3,1482.41,1463.46,1473.61,73.6805,1979957,0.0000,1.0
2020-08-04,1476.57,1485.56,1458.65,1464.97,73.2485,1903489,0.0000,1.0
2020-08-03,1486.64,1490.47,1465.64,1474.45,73.7225,2331514,0.0000,1.0
2020-07-31,1505.01,1508.95,1454.03,1482.96,74.148,3429036,0.0000,1.0
2020-07-30,1497.0,1537.87,1492.22,1531.45,76.5725,1671396,0.0000,1.0
2020-07-29,1506.32,1531.2522,1501.33,1522.02,76.101,1106534,0.0000,1.0
2020-07-28,1525.18,1526.48,1497.66,1500.34,75.017,1702174,0.0000,1.0
2020-07-27,1515.6,1540.97,1515.21,1530.2,76.51,1245980,0.0000,1.0
2020-07-24,1498.93,1517.6362,1488.4,1511.87,75.5935,1544404,0.0000,1.0
2020-07-23,1566.97,1571.87,1507.3918,1515.68,75.784,1627634,0.0000,1.0
2020-07-22,1560.5,1570.0,1546.1,1568.49,78.4245,931985,0.0000,1.0
2020-07-21,1586.99,1586.99,1554.28,1558.42,77.921,1183101,0.0000,1.0
2020-07-20,1515.26,1570.29,1503.6,1565.72,78.286,1547136,0.0000,1.0
2020-07-17,1521.62,1523.44,1498.42,1515.55,75.7775,1457014,0.0000,1.0
2020-07-16,1500.0,1518.69,1486.31,1518.0,75.9,1519346,0.0000,1.0
2020-07-15,1523.13,1535.33,1498.0,1513.64,75.682,1761036,0.0000,1.0
2020-07-14,1490.31,1522.95,1483.5,1520.58,76.029,1585021,0.0000,1.0
2020-07-13,1550.0,1577.132,1505.243,1511.34,75.567,1846424,0.0000,1.0
2020-07-10,1506.15,1543.83,1496.54,1541.74,77.087,1857204,0.0000,1.0
2020-07-09,1506.45,1522.72,1488.085,1510.99,75.5495,1423322,0.0000,1.0
2020-07-08,1494.32,1505.88,1485.63,1496.0,74.8,1249731,0.0000,1.0
2020-07-07,1490.0,1516.8,1483.55,1485.18,74.259,1458216,0.0000,1.0
2020-07-06,1480.06,1506.59,1472.86,1495.7,74.785,1563997,0.0000,1.0
2020-07-02,1446.94,1482.95,1446.42,1464.7,73.235,1859790,0.0000,1.0
2020-07-01,1411.1,1443.0,1409.82,1438.04,71.902,1775613,0.0000,1.0
2020-06-30,1390.44,1418.65,1383.96,1413.61,70.6805,2042381,0.0000,1.0
2020-06-29,1358.18,1395.6,1347.01,1394.97,69.7485,1810180,0.0000,1.0
2020-06-26,1431.39,1433.45,1351.99,1359.9,67.995,4267698,0.0000,1.0
2020-06-25,1429.9,1442.9,1420.0,1441.33,72.0665,1230474,0.0000,1.0
2020-06-24,1461.51,1475.42,1429.75,1431.97,71.5985,1756022,0.0000,1.0
2020-06-23,1455.64,1475.941,1445.24,1464.41,73.2205,1429764,0.0000,1.0
2020-06-22,1429.0,1452.75,1423.21,1451.86,72.593,1542440,0.0000,1.0
2020-06-19,1444.0,1447.8,1421.35,1431.72,71.586,3157875,0.0000,1.0
2020-06-18,1449.16,1451.41,1427.01,1435.96,71.798,1581916,0.0000,1.0
2020-06-17,1447.16,1460.0,1431.38,1451.12,72.556,1549615,0.0000,1.0
2020-06-16,1445.22,1455.02,1425.9,1442.72,72.136,1711614,0.0000,1.0
2020-06-15,1390.8,1424.8,1387.92,1419.85,70.9925,1506096,0.0000,1.0
2020-06-12,1428.49,1437.0,1386.02,1413.18,70.659,1946367,0.0000,1.0
2020-06-11,1442.48,1454.475,1402.0,1403.84,70.192,1991332,0.0000,1.0
2020-06-10,1459.54,1474.259,1456.27,1465.85,73.2925,1525153,0.0000,1.0
2020-06-09,1445.36,1468.0,1443.21,1456.16,72.808,1409249,0.0000,1.0
2020-06-08,1422.34,1447.99,1422.34,1446.61,72.3305,1404178,0.0000,1.0
2020-06-05,1413.17,1445.05,1406.0,1438.39,71.9195,1735244,0.0000,1.0
2020-06-04,1430.4,1438.96,1404.73,1412.18,70.609,1484272,0.0000,1.0
2020-06-03,1438.3,1446.552,1429.777,1436.38,71.819,1256186,0.0000,1.0
2020-06-02,1430.55,1439.61,1418.83,1439.22,71.961,1278128,0.0000,1.0
2020-06-01,1418.39,1437.96,1418.0,1431.82,71.591,1217140,0.0000,1.0
2020-05-29,1416.94,1432.57,1413.35,1428.92,71.446,1838059,0.0000,1.0
2020-05-28,1396.86,1440.84,1396.0,1416.73,70.8365,1693976,0.0000,1.0
2020-05-27,1417.25,1421.74,1391.29,1417.84,70.892,1686142,0.0000,1.0
2020-05-26,1437.27,1441.0,1412.13,1417.02,70.851,2060643,0.0000,1.0
2020-05-22,1396.71,1412.76,1391.83,1410.42,70.521,1309408,0.0000,1.0
2020-05-21,1408.0,1415.49,1393.45,1402.8,70.14,1378020,0.0000,1.0
2020-05-20,1389.58,1410.42,1387.25,1406.72,70.336,1655375,0.0000,1.0
2020-05-19,1386.997,1392.0,1373.485,1373.485,68.67425,1280649,0.0000,1.0
2020-05-18,1361.75,1392.325,1354.25,1383.94,69.197,1823964,0.0000,1.0
2020-05-15,1350.0,1374.48,1339.0,1373.19,68.6595,1707747,0.0000,1.0
2020-05-14,1335.02,1357.42,1323.91,1356.13,67.8065,1603077,0.0000,1.0
2020-05-13,1377.05,1385.482,1328.4,1349.33,67.4665,1812585,0.0000,1.0
2020-05-12,1407.12,1415.0,1374.77,1375.74,68.787,1390600,0.0000,1.0
2020-05-11,1378.28,1416.53,1377.152,1403.26,70.163,1412116,0.0000,1.0
2020-05-08,1383.13,1398.76,1375.48,1388.37,69.4185,1388068,0.0000,1.0
2020-05-07,1365.94,1377.6,1355.27,1372.56,68.628,1399759,0.0000,1.0
2020-05-06,1361.69,1371.12,1347.29,1347.3,67.365,1215423,0.0000,1.0
2020-05-05,1337.92,1373.94,1337.46,1351.11,67.5555,1651533,0.0000,1.0
2020-05-04,1308.23,1327.66,1299.0,1326.8,66.34,1504017,0.0000,1.0
2020-05-01,1328.5,1352.07,1311.0,1320.61,66.0305,2072639,0.0000,1.0
2020-04-30,1324.88,1352.82,1322.49,1348.66,67.433,2668906,0.0000,1.0
2020-04-29,1341.46,1359.99,1325.34,1341.48,67.074,3793630,0.0000,1.0
2020-04-28,1287.93,1288.05,1232.2,1233.67,61.6835,2951309,0.0000,1.0
2020-04-27,1296.0,1296.15,1269.0,1275.88,63.794,1600563,0.0000,1.0
2020-04-24,1261.17,1280.4,1249.45,1279.31,63.9655,1640394,0.0000,1.0
2020-04-23,1271.55,1293.31,1265.67,1276.31,63.8155,1566203,0.0000,1.0
2020-04-22,1245.54,1285.613,1242.0,1263.21,63.1605,2093140,0.0000,1.0
2020-04-21,1247.0,1254.27,1209.71,1216.34,60.817,2153003,0.0000,1.0
2020-04-20,1271.0,1281.6,1261.37,1266.61,63.3305,1695488,0.0000,1.0
2020-04-17,1284.85,1294.43,1271.23,1283.25,64.1625,1949042,0.0000,1.0
2020-04-16,1274.1,1279.0,1242.62,1263.47,63.1735,2518099,0.0000,1.0
2020-04-15,1245.61,1280.46,1240.4,1262.47,63.1235,1671703,0.0000,1.0
2020-04-14,1245.09,1282.07,1236.93,1269.23,63.4615,2470353,0.0000,1.0
2020-04-13,1209.18,1220.51,1187.598,1217.56,60.878,1739828,0.0000,1.0
2020-04-09,1224.08,1225.57,1196.735,1211.45,60.5725,2175421,0.0000,1.0
2020-04-08,1206.5,1219.07,1188.16,1210.28,60.514,1975135,0.0000,1.0
2020-04-07,1221.0,1225.0,1182.23,1186.51,59.3255,2387329,0.0000,1.0
2020-04-06,1138.0,1194.66,1130.94,1186.92,59.346,2664723,0.0000,1.0
2020-04-03,1119.015,1123.54,1079.81,1097.88,54.894,2313400,0.0000,1.0
2020-04-02,1098.26,1126.86,1096.4,1120.84,56.042,1964881,0.0000,1.0
2020-04-01,1122.0,1129.69,1097.45,1105.62,55.281,2344173,0.0000,1.0
2020-03-31,1147.3,1175.31,1138.14,1162.81,58.1405,2487983,0.0000,1.0
2020-03-30,1125.04,1151.63,1096.48,1146.82,57.341,2574061,0.0000,1.0
2020-03-27,1125.67,1150.67,1105.91,1110.71,55.5355,3208495,0.0000,1.0
2020-03-26,1111.8,1169.97,1093.53,1161.75,58.0875,3573755,0.0000,1.0
2020-03-25,1126.47,1148.9,1086.01,1102.49,55.1245,4081528,0.0000,1.0
2020-03-24,1103.77,1135.0,1090.62,1134.46,56.723,3344450,0.0000,1.0
2020-03-23,1061.32,1071.32,1013.536,1056.62,52.831,4044137,0.0000,1.0
2020-03-20,1135.72,1143.99,1065.49,1072.32,53.616,3601750,0.0000,1.0
2020-03-19,1093.05,1157.97,1060.108,1115.29,55.7645,3651106,0.0000,1.0
2020-03-18,1056.51,1106.5,1037.28,1096.8,54.84,4233435,0.0000,1.0
2020-03-17,1093.11,1130.86,1056.01,1119.8,55.99,3861489,0.0000,1.0
2020-03-16,1096.0,1152.267,1074.44,1084.33,54.2165,4252365,0.0000,1.0
2020-03-13,1179.0,1219.76,1117.143,1219.73,60.9865,3700125,0.0000,1.0
2020-03-12,1126.0,1193.87,1113.3,1114.91,55.7455,4226748,0.0000,1.0
2020-03-11,1249.7,1260.96,1196.07,1215.41,60.7705,2611229,0.0000,1.0
2020-03-10,1260.0,1281.15,1218.77,1280.39,64.0195,2611373,0.0000,1.0
2020-03-09,1205.3,1254.76,1200.0,1215.56,60.778,3365365,0.0000,1.0
2020-03-06,1277.06,1306.22,1261.05,1298.41,64.9205,2660628,0.0000,1.0
2020-03-05,1350.2,1358.91,1305.1,1319.04,65.952,2561288,0.0000,1.0
2020-03-04,1359.23,1388.09,1343.11,1386.52,69.326,1913315,0.0000,1.0
2020-03-03,1399.42,1410.15,1332.0,1341.39,67.0695,2402326,0.0000,1.0
2020-03-02,1351.61,1390.87,1326.815,1389.11,69.4555,2431468,0.0000,1.0
2020-02-28,1277.5,1341.14,1271.0,1339.33,66.9665,3790618,0.0000,1.0
2020-02-27,1362.06,1371.704,1317.17,1318.09,65.9045,2978300,0.0000,1.0
2020-02-26,1396.14,1415.7,1379.0,1393.18,69.659,2204037,0.0000,1.0
2020-02-25,1433.0,1438.14,1382.4,1388.45,69.4225,2478278,0.0000,1.0
2020-02-24,1426.11,1436.97,1411.39,1421.59,71.0795,2867053,0.0000,1.0
2020-02-21,1508.03,1512.215,1480.44,1485.11,74.2555,1732273,0.0000,1.0
2020-02-20,1522.0,1529.64,1506.82,1518.15,75.9075,1096552,0.0000,1.0
2020-02-19,1525.07,1532.106,1521.4,1526.69,76.3345,949268,0.0000,1.0
2020-02-18,1515.0,1531.63,1512.59,1519.67,75.9835,1121140,0.0000,1.0
2020-02-14,1515.6,1520.74,1507.34,1520.74,76.037,1197836,0.0000,1.0
2020-02-13,1512.69,1527.18,1504.6,1514.66,75.733,929730,0.0000,1.0
2020-02-12,1514.48,1520.695,1508.11,1518.27,75.9135,1167565,0.0000,1.0
2020-02-11,1511.81,1529.63,1505.638,1508.79,75.4395,1344633,0.0000,1.0
2020-02-10,1474.32,1509.5,1474.32,1508.68,75.434,1419876,0.0000,1.0
2020-02-07,1467.3,1485.84,1466.35,1479.23,73.9615,1172270,0.0000,1.0
2020-02-06,1450.33,1482.0,1449.57,1476.23,73.8115,1679384,0.0000,1.0
2020-02-05,1462.42,1463.84,1430.56,1448.23,72.4115,1986157,0.0000,1.0
2020-02-04,1457.07,1469.5,1426.3,1447.07,72.3535,3932954,0.0000,1.0
2020-02-03,1462.0,1490.0,1458.99,1485.94,74.297,3055216,0.0000,1.0
2020-01-31,1468.9,1470.13,1428.53,1434.23,71.7115,2417214,0.0000,1.0
2020-01-30,1439.96,1457.28,1436.4,1455.84,72.792,1339421,0.0000,1.0
2020-01-29,1458.8,1465.43,1446.74,1458.63,72.9315,1078667,0.0000,1.0
2020-01-28,1443.0,1456.0,1432.47,1452.56,72.628,1577422,0.0000,1.0
2020-01-27,1431.0,1438.07,1421.2,1433.9,71.695,1755201,0.0000,1.0
2020-01-24,1493.59,1495.495,1465.25,1466.71,73.3355,1784644,0.0000,1.0
2020-01-23,1487.64,1495.52,1482.1,1486.65,74.3325,1351354,0.0000,1.0
2020-01-22,1491.0,1503.214,1484.93,1485.95,74.2975,1610846,0.0000,1.0
2020-01-21,1479.12,1491.85,1471.2,1484.4,74.22,2008830,0.0000,1.0
2020-01-17,1462.91,1481.295,1458.22,1480.39,74.0195,2396215,0.0000,1.0
2020-01-16,1447.44,1451.99,1440.92,1451.7,72.585,1173688,0.0000,1.0
2020-01-15,1430.21,1441.395,1430.21,1439.2,71.96,1282685,0.0000,1.0
2020-01-14,1439.01,1441.8,1428.37,1430.88,71.544,1560453,0.0000,1.0
2020-01-13,1436.13,1440.52,1426.02,1439.23,71.9615,1378286,0.0000,1.0
2020-01-10,1427.56,1434.929,1418.35,1429.73,71.4865,1821566,0.0000,1.0
2020-01-09,1420.57,1427.33,1410.27,1419.83,70.9915,1502664,0.0000,1.0
2020-01-08,1392.08,1411.58,1390.84,1404.32,70.216,1529177,0.0000,1.0
2020-01-07,1397.94,1402.99,1390.38,1393.34,69.667,1511693,0.0000,1.0
2020-01-06,1350.0,1396.5,1350.0,1394.21,69.7105,1733149,0.0000,1.0
2020-01-03,1347.86,1372.5,1345.544,1360.66,68.033,1187006,0.0000,1.0
2020-01-02,1341.55,1368.14,1341.55,1367.37,68.3685,1406731,0.0000,1.0
2019-12-31,1330.11,1338.0,1329.085,1337.02,66.851,962468,0.0000,1.0
2019-12-30,1350.0,1353.0,1334.02,1336.14,66.807,1051323,0.0000,1.0
2019-12-27,1362.99,1364.53,1349.31,1351.89,67.5945,1038718,0.0000,1.0
2019-12-26,1346.17,1361.327,1344.47,1360.4,68.02,667754,0.0000,1.0
2019-12-24,1348.5,1350.26,1342.78,1343.56,67.178,347518,0.0000,1.0
2019-12-23,1355.87,1359.8,1346.51,1348.84,67.442,883200,0.0000,1.0
2019-12-20,1363.35,1363.64,1349.0,1349.59,67.4795,3316905,0.0000,1.0
2019-12-19,1351.82,1358.1,1348.985,1356.04,67.802,1470112,0.0000,1.0
2019-12-18,1356.6,1360.47,1351.0,1352.62,67.631,1657069,0.0000,1.0
2019-12-17,1362.89,1365.0,1351.323,1355.12,67.756,1855259,0.0000,1.0
2019-12-16,1356.5,1364.68,1352.67,1361.17,68.0585,1397451,0.0000,1.0
2019-12-13,1347.95,1353.093,1343.87,1347.83,67.3915,1550028,0.0000,1.0
2019-12-12,1345.94,1355.775,1340.5,1350.27,67.5135,1281722,0.0000,1.0
2019-12-11,1350.84,1351.2,1342.67,1345.02,67.251,850796,0.0000,1.0
2019-12-10,1341.5,1349.975,1336.04,1344.66,67.233,1094653,0.0000,1.0
2019-12-09,1338.04,1359.45,1337.84,1343.56,67.178,1355795,0.0000,1.0
2019-12-06,1333.44,1344.0,1333.44,1340.62,67.031,1315510,0.0000,1.0
2019-12-05,1328.0,1329.358,1316.44,1328.13,66.4065,1212818,0.0000,1.0
2019-12-04,1307.01,1325.8,1304.87,1320.54,66.027,1538110,0.0000,1.0
2019-12-03,1279.57,1298.461,1279.0,1295.28,64.764,1268647,0.0000,1.0
2019-12-02,1301.0,1305.83,1281.0,1289.92,64.496,1511851,0.0000,1.0
2019-11-29,1307.12,1310.205,1303.97,1304.96,65.248,586981,0.0000,1.0
2019-11-27,1315.0,1318.36,1309.63,1312.99,65.6495,996329,0.0000,1.0
2019-11-26,1309.86,1314.8,1305.09,1313.55,65.6775,1069795,0.0000,1.0
2019-11-25,1299.18,1311.31,1298.13,1306.69,65.3345,1036487,0.0000,1.0
2019-11-22,1305.62,1308.73,1291.41,1295.34,64.767,1386506,0.0000,1.0
2019-11-21,1301.48,1312.59,1293.0,1301.35,65.0675,995499,0.0000,1.0
2019-11-20,1311.74,1315.0,1291.15,1303.05,65.1525,1309835,0.0000,1.0
2019-11-19,1327.7,1327.7,1312.8,1315.46,65.773,1269372,0.0000,1.0
2019-11-18,1332.22,1335.529,1317.5,1320.7,66.035,1488083,0.0000,1.0
2019-11-15,1318.94,1334.88,1314.28,1334.87,66.7435,1782955,0.0000,1.0
2019-11-14,1297.5,1317.0,1295.65,1311.46,65.573,1194305,0.0000,1.0
2019-11-13,1294.07,1304.3,1293.51,1298.0,64.9,853861,0.0000,1.0
2019-11-12,1300.0,1310.0,1295.77,1298.8,64.94,1085859,0.0000,1.0
2019-11-11,1303.18,1306.425,1297.41,1299.19,64.9595,1012429,0.0000,1.0
2019-11-08,1305.28,1318.0,1304.365,1311.37,65.5685,1251916,0.0000,1.0
2019-11-07,1294.28,1323.74,1294.245,1308.86,65.443,2029970,0.0000,1.0
2019-11-06,1289.46,1293.73,1282.5,1291.8,64.59,1152977,0.0000,1.0
2019-11-05,1292.89,1298.93,1291.229,1292.03,64.6015,1282711,0.0000,1.0
2019-11-04,1276.45,1294.13,1276.355,1291.37,64.5685,1500964,0.0000,1.0
2019-11-01,1265.0,1274.62,1260.5,1273.74,63.687,1670072,0.0000,1.0
2019-10-31,1261.28,1267.67,1250.843,1260.11,63.0055,1455651,0.0000,1.0
2019-10-30,1252.97,1269.36,1252.0,1261.29,63.0645,1408851,0.0000,1.0
2019-10-29,1276.23,1281.59,1257.212,1262.62,63.131,1886380,0.0000,1.0
2019-10-28,1275.45,1299.31,1272.54,1290.0,64.5,2524976,0.0000,1.0
2019-10-25,1251.03,1269.6,1250.01,1265.13,63.2565,1213051,0.0000,1.0
2019-10-24,1260.9,1264.0,1253.715,1260.99,63.0495,1039868,0.0000,1.0
2019-10-23,1242.36,1259.89,1242.36,1259.13,62.9565,928595,0.0000,1.0
2019-10-22,1247.85,1250.6,1241.38,1242.8,62.14,1047851,0.0000,1.0
2019-10-21,1252.26,1254.629,1240.6,1246.15,62.3075,1026750,0.0000,1.0
2019-10-18,1253.46,1258.89,1241.08,1245.49,62.2745,1321924,0.0000,1.0
2019-10-17,1250.93,1263.325,1249.94,1253.07,62.6535,980510,0.0000,1.0
2019-10-16,1241.17,1254.74,1238.45,1243.64,62.182,1168174,0.0000,1.0
2019-10-15,1220.4,1247.33,1220.4,1243.01,62.1505,1395259,0.0000,1.0
2019-10-14,1212.34,1226.33,1211.76,1217.14,60.857,882039,0.0000,1.0
2019-10-11,1222.21,1228.39,1213.74,1215.45,60.7725,1277144,0.0000,1.0
2019-10-10,1198.58,1215.0,1197.34,1208.67,60.4335,932531,0.0000,1.0
2019-10-09,1199.35,1208.35,1197.63,1202.31,60.1155,876632,0.0000,1.0
2019-10-08,1197.59,1206.08,1189.01,1189.13,59.4565,1141784,0.0000,1.0
2019-10-07,1204.4,1218.204,1203.75,1207.68,60.384,867149,0.0000,1.0
2019-10-04,1191.89,1211.44,1189.17,1209.0,60.45,1183264,0.0000,1.0
2019-10-03,1180.0,1189.06,1162.43,1187.83,59.3915,1663656,0.0000,1.0
2019-10-02,1196.98,1196.98,1171.29,1176.63,58.8315,1639237,0.0000,1.0
2019-10-01,1219.0,1231.23,1203.58,1205.1,60.255,1358279,0.0000,1.0
2019-09-30,1220.97,1226.0,1212.3,1219.0,60.95,1419676,0.0000,1.0
2019-09-27,1243.01,1244.02,1214.45,1225.09,61.2545,1354432,0.0000,1.0
2019-09-26,1241.96,1245.0,1232.268,1241.39,62.0695,1561882,0.0000,1.0
2019-09-25,1215.82,1248.3,1210.09,1246.52,62.326,1593875,0.0000,1.0
2019-09-24,1240.0,1246.74,1210.68,1218.76,60.938,1591786,0.0000,1.0
2019-09-23,1226.0,1239.09,1224.17,1234.03,61.7015,1075253,0.0000,1.0
2019-09-20,1233.12,1243.32,1223.08,1229.93,61.4965,2337269,0.0000,1.0
2019-09-19,1232.06,1244.44,1232.02,1238.71,61.9355,1000155,0.0000,1.0
2019-09-18,1227.51,1235.61,1216.53,1232.41,61.6205,1144333,0.0000,1.0
2019-09-17,1230.4,1235.0,1223.69,1229.15,61.4575,958112,0.0000,1.0
2019-09-16,1229.52,1239.56,1225.61,1231.3,61.565,1053299,0.0000,1.0
2019-09-13,1231.35,1240.88,1227.01,1239.56,61.978,1301350,0.0000,1.0
2019-09-12,1224.3,1241.86,1223.02,1234.25,61.7125,1725908,0.0000,1.0
2019-09-11,1203.41,1222.6,1202.2,1220.17,61.0085,1307033,0.0000,1.0
2019-09-10,1195.15,1210.0,1194.58,1206.0,60.3,1260115,0.0000,1.0
2019-09-09,1204.0,1220.0,1192.62,1204.41,60.2205,1471880,0.0000,1.0
2019-09-06,1208.13,1212.015,1202.522,1204.93,60.2465,1072143,0.0000,1.0
2019-09-05,1191.53,1213.04,1191.53,1211.38,60.569,1408601,0.0000,1.0
2019-09-04,1176.71,1183.48,1171.0,1181.41,59.0705,1068968,0.0000,1.0
2019-09-03,1177.03,1186.89,1163.2,1168.39,58.4195,1480420,0.0000,1.0
2019-08-30,1198.5,1198.5,1183.803,1188.1,59.405,1129959,0.0000,1.0
2019-08-29,1181.12,1196.06,1181.12,1192.85,59.6425,1088858,0.0000,1.0
2019-08-28,1161.71,1176.42,1157.3,1171.02,58.551,770915,0.0000,1.0
2019-08-27,1180.53,1182.4,1161.45,1167.84,58.392,1077452,0.0000,1.0
2019-08-26,1157.26,1169.47,1152.96,1168.89,58.4445,1226441,0.0000,1.0
2019-08-23,1181.99,1194.08,1147.75,1151.29,57.5645,1688271,0.0000,1.0
2019-08-22,1194.07,1198.012,1178.58,1189.53,59.4765,947906,0.0000,1.0
2019-08-21,1193.15,1199.0,1187.43,1191.25,59.5625,741053,0.0000,1.0
2019-08-20,1195.25,1196.06,1182.11,1182.69,59.1345,915605,0.0000,1.0
2019-08-19,1190.09,1206.99,1190.09,1198.45,59.9225,1232517,0.0000,1.0
2019-08-16,1179.55,1182.72,1171.81,1177.6,58.88,1349436,0.0000,1.0
2019-08-15,1163.5,1175.84,1162.11,1167.26,58.363,1224739,0.0000,1.0
2019-08-14,1176.31,1182.3,1160.54,1164.29,58.2145,1578668,0.0000,1.0
2019-08-13,1171.46,1204.78,1171.46,1197.27,59.8635,1318009,0.0000,1.0
2019-08-12,1179.21,1184.96,1167.672,1174.71,58.7355,1003187,0.0000,1.0
2019-08-09,1197.99,1203.88,1183.603,1188.01,59.4005,1065658,0.0000,1.0
2019-08-08,1182.83,1205.01,1173.02,1204.8,60.24,1467997,0.0000,1.0
2019-08-07,1156.0,1178.445,1149.624,1173.99,58.6995,1444324,0.0000,1.0
2019-08-06,1163.31,1179.96,1160.0,1169.95,58.4975,1709374,0.0000,1.0
2019-08-05,1170.04,1175.24,1140.14,1152.32,57.616,2597455,0.0000,1.0
2019-08-02,1200.74,1206.9,1188.94,1193.99,59.6995,1645067,0.0000,1.0
2019-08-01,1214.03,1234.11,1205.72,1209.01,60.4505,1698510,0.0000,1.0
2019-07-31,1223.0,1234.0,1207.764,1216.68,60.834,1725454,0.0000,1.0
2019-07-30,1225.41,1234.87,1223.3,1225.14,61.257,1453263,0.0000,1.0
2019-07-29,1241.05,1247.37,1228.23,1239.41,61.9705,2223731,0.0000,1.0
2019-07-26,1224.04,1265.55,1224.0,1250.41,62.5205,4805752,0.0000,1.0
2019-07-25,1137.82,1141.7,1120.92,1132.12,56.606,2209881,0.0000,1.0
2019-07-24,1131.9,1144.0,1126.99,1137.81,56.8905,1590101,0.0000,1.0
2019-07-23,1144.0,1146.9,1131.8,1146.21,57.3105,1093688,0.0000,1.0
2019-07-22,1133.45,1139.25,1124.24,1138.07,56.9035,1301846,0.0000,1.0
2019-07-19,1148.19,1151.14,1129.62,1130.1,56.505,1647245,0.0000,1.0
2019-07-18,1141.74,1147.605,1132.73,1146.33,57.3165,1291281,0.0000,1.0
2019-07-17,1150.97,1158.36,1145.77,1146.35,57.3175,1170047,0.0000,1.0
2019-07-16,1146.0,1158.58,1145.0,1153.58,57.679,1238807,0.0000,1.0
2019-07-15,1146.86,1150.82,1139.4,1150.34,57.517,903780,0.0000,1.0
2019-07-12,1143.99,1147.34,1138.78,1144.9,57.245,863973,0.0000,1.0
2019-07-11,1143.25,1153.07,1139.58,1144.21,57.2105,1195569,0.0000,1.0
2019-07-10,1131.22,1142.05,1130.97,1140.48,57.024,1209466,0.0000,1.0
2019-07-09,1111.8,1128.025,1107.17,1124.83,56.2415,1330370,0.0000,1.0
2019-07-08,1125.17,1125.98,1111.21,1116.35,55.8175,1236419,0.0000,1.0
2019-07-05,1117.8,1132.88,1116.14,1131.59,56.5795,1264540,0.0000,1.0
2019-07-03,1117.41,1126.76,1113.86,1121.58,56.079,767011,0.0000,1.0
2019-07-02,1102.24,1111.77,1098.17,1111.25,55.5625,991755,0.0000,1.0
2019-07-01,1098.0,1107.58,1093.703,1097.95,54.8975,1438504,0.0000,1.0
2019-06-28,1076.39,1081.0,1073.37,1080.91,54.0455,1693450,0.0000,1.0
2019-06-27,1084.0,1087.1,1075.29,1076.01,53.8005,1004477,0.0000,1.0
2019-06-26,1086.5,1092.97,1072.24,1079.8,53.99,1810869,0.0000,1.0
2019-06-25,1112.66,1114.35,1083.8,1086.35,54.3175,1546913,0.0000,1.0
2019-06-24,1119.61,1122.0,1111.01,1115.52,55.776,1395696,0.0000,1.0
2019-06-21,1109.24,1124.11,1108.08,1121.88,56.094,1947591,0.0000,1.0
2019-06-20,1119.99,1120.12,1104.74,1111.42,55.571,1262011,0.0000,1.0
2019-06-19,1105.6,1107.0,1093.48,1102.33,55.1165,1339218,0.0000,1.0
2019-06-18,1109.69,1116.39,1098.99,1103.6,55.18,1386684,0.0000,1.0
2019-06-17,1086.28,1099.18,1086.28,1092.5,54.625,941602,0.0000,1.0
2019-06-14,1086.42,1092.69,1080.172,1085.35,54.2675,1111643,0.0000,1.0
2019-06-13,1083.64,1094.17,1080.15,1088.77,54.4385,1058000,0.0000,1.0
2019-06-12,1078.0,1080.93,1067.54,1077.03,53.8515,1061255,0.0000,1.0
2019-06-11,1093.98,1101.99,1077.603,1078.72,53.936,1437063,0.0000,1.0
2019-06-10,1072.98,1092.66,1072.322,1080.38,54.019,1464248,0.0000,1.0
2019-06-07,1050.63,1070.92,1048.4,1066.04,53.302,1802370,0.0000,1.0
2019-06-06,1044.99,1047.49,1033.7,1044.34,52.217,1703244,0.0000,1.0
2019-06-05,1051.54,1053.55,1030.49,1042.22,52.111,2168439,0.0000,1.0
2019-06-04,1042.9,1056.05,1033.69,1053.05,52.6525,2833483,0.0000,1.0
2019-06-03,1065.5,1065.5,1025.0,1036.23,51.8115,5130576,0.0000,1.0
2019-05-31,1101.29,1109.6,1100.18,1103.63,55.1815,1508203,0.0000,1.0
2019-05-30,1115.54,1123.13,1112.12,1117.95,55.8975,951873,0.0000,1.0
2019-05-29,1127.52,1129.1,1108.22,1116.46,55.823,1538212,0.0000,1.0
2019-05-28,1134.0,1151.587,1133.12,1134.15,56.7075,1365166,0.0000,1.0
2019-05-24,1147.36,1149.765,1131.66,1133.47,56.6735,1112341,0.0000,1.0
2019-05-23,1140.5,1145.973,1129.224,1140.77,57.0385,1199300,0.0000,1.0
2019-05-22,1146.75,1158.52,1145.89,1151.42,57.571,914839,0.0000,1.0
2019-05-21,1148.49,1152.708,1137.94,1149.63,57.4815,1160158,0.0000,1.0
2019-05-20,1144.5,1146.797,1131.443,1138.85,56.9425,1353292,0.0000,1.0
2019-05-17,1168.47,1180.15,1160.01,1162.3,58.115,1208623,0.0000,1.0
2019-05-16,1164.51,1188.16,1162.84,1178.98,58.949,1531404,0.0000,1.0
2019-05-15,1117.87,1171.33,1116.666,1164.21,58.2105,2289302,0.0000,1.0
2019-05-14,1137.21,1140.42,1119.55,1120.44,56.022,1836604,0.0000,1.0
2019-05-13,1141.96,1147.94,1122.11,1132.03,56.6015,1860648,0.0000,1.0
2019-05-10,1163.59,1172.6,1142.5,1164.27,58.2135,1314546,0.0000,1.0
2019-05-09,1159.03,1169.66,1150.85,1162.38,58.119,1185973,0.0000,1.0
2019-05-08,1172.01,1180.424,1165.74,1166.27,58.3135,1309514,0.0000,1.0
2019-05-07,1180.47,1190.44,1161.04,1174.1,58.705,1551368,0.0000,1.0
2019-05-06,1166.26,1190.85,1166.26,1189.39,59.4695,1563943,0.0000,1.0
2019-05-03,1173.65,1186.8,1169.0,1185.4,59.27,1980653,0.0000,1.0
2019-05-02,1167.76,1174.19,1155.002,1162.61,58.1305,1944817,0.0000,1.0
2019-05-01,1188.05,1188.05,1167.18,1168.08,58.404,2642983,0.0000,1.0
2019-04-30,1185.0,1192.81,1175.0,1188.48,59.424,6207027,0.0000,1.0
2019-04-29,1274.0,1289.27,1266.295,1287.58,64.379,2499432,0.0000,1.0
2019-04-26,1269.0,1273.07,1260.32,1272.18,63.609,1241428,0.0000,1.0
2019-04-25,1264.77,1267.408,1252.03,1263.45,63.1725,1107295,0.0000,1.0
2019-04-24,1264.12,1268.01,1255.0,1256.0,62.8,1018753,0.0000,1.0
2019-04-23,1250.69,1269.0,1246.38,1264.55,63.2275,1319910,0.0000,1.0
2019-04-22,1235.99,1249.09,1228.31,1248.84,62.442,807334,0.0000,1.0
2019-04-18,1239.18,1242.0,1234.61,1236.37,61.8185,1331823,0.0000,1.0
2019-04-17,1233.0,1240.56,1227.82,1236.34,61.817,1221930,0.0000,1.0
2019-04-16,1225.0,1230.82,1220.12,1227.13,61.3565,856304,0.0000,1.0
2019-04-15,1218.0,1224.2,1209.11,1221.1,61.055,1187519,0.0000,1.0
2019-04-12,1210.0,1218.35,1208.11,1217.87,60.8935,933794,0.0000,1.0
2019-04-11,1203.96,1207.96,1200.13,1204.62,60.231,710231,0.0000,1.0
2019-04-10,1200.68,1203.785,1196.435,1202.16,60.108,724643,0.0000,1.0
2019-04-09,1196.0,1202.29,1193.08,1197.25,59.8625,876381,0.0000,1.0
2019-04-08,1207.89,1208.69,1199.86,1203.84,60.192,860363,0.0000,1.0
2019-04-05,1214.99,1216.22,1205.03,1207.15,60.3575,907152,0.0000,1.0
2019-04-04,1205.94,1215.67,1204.13,1215.0,60.75,950747,0.0000,1.0
2019-04-03,1207.48,1216.3,1200.5,1205.92,60.296,1017838,0.0000,1.0
2019-04-02,1195.32,1201.35,1185.71,1200.49,60.0245,827973,0.0000,1.0
2019-04-01,1184.1,1196.66,1182.0,1194.43,59.7215,1252757,0.0000,1.0
2019-03-29,1174.9,1178.99,1162.88,1173.31,58.6655,1269979,0.0000,1.0
2019-03-28,1171.54,1171.565,1159.431,1168.49,58.4245,1012430,0.0000,1.0
2019-03-27,1185.5,1187.559,1159.37,1173.02,58.651,1400240,0.0000,1.0
2019-03-26,1198.53,1202.83,1176.72,1184.62,59.231,1901156,0.0000,1.0
2019-03-25,1196.93,1206.398,1187.04,1193.0,59.65,1496843,0.0000,1.0
2019-03-22,1226.32,1230.0,1202.825,1205.5,60.275,1714247,0.0000,1.0
2019-03-21,1216.0,1231.79,1213.15,1231.54,61.577,1204045,0.0000,1.0
2019-03-20,1197.35,1227.14,1196.17,1223.97,61.1985,2227786,0.0000,1.0
2019-03-19,1188.81,1200.0,1185.87,1198.85,59.9425,1520688,0.0000,1.0
2019-03-18,1183.3,1190.0,1177.421,1184.26,59.213,1292633,0.0000,1.0
2019-03-15,1193.38,1196.57,1182.61,1184.46,59.223,2459957,0.0000,1.0
2019-03-14,1194.51,1197.88,1184.48,1185.55,59.2775,1172815,0.0000,1.0
2019-03-13,1200.645,1200.93,1191.94,1193.32,59.666,1435936,0.0000,1.0
2019-03-12,1178.26,1200.0,1178.26,1193.2,59.66,2013115,0.0000,1.0
2019-03-11,1144.45,1176.19,1144.45,1175.76,58.788,1719192,0.0000,1.0
2019-03-08,1126.73,1147.08,1123.3,1142.32,57.116,1212489,0.0000,1.0
2019-03-07,1155.72,1156.755,1134.91,1143.3,57.165,1166559,0.0000,1.0
2019-03-06,1162.49,1167.566,1155.49,1157.86,57.893,1099289,0.0000,1.0
2019-03-05,1150.06,1169.61,1146.195,1162.03,58.1015,1443174,0.0000,1.0
2019-03-04,1146.99,1158.28,1130.69,1147.8,57.39,1446047,0.0000,1.0
2019-03-01,1124.9,1142.97,1124.75,1140.99,57.0495,1450316,0.0000,1.0
2019-02-28,1111.3,1127.65,1111.01,1119.92,55.996,1542609,0.0000,1.0
2019-02-27,1106.95,1117.98,1101.0,1116.05,55.8025,968760,0.0000,1.0
2019-02-26,1105.75,1119.51,1099.92,1115.13,55.7565,1471743,0.0000,1.0
2019-02-25,1116.0,1118.54,1107.27,1109.4,55.47,1413061,0.0000,1.0
2019-02-22,1100.9,1111.24,1095.6,1110.37,55.5185,1049545,0.0000,1.0
2019-02-21,1110.84,1111.94,1092.52,1096.97,54.8485,1415473,0.0000,1.0
2019-02-20,1119.99,1123.41,1105.28,1113.8,55.69,1087817,0.0000,1.0
2019-02-19,1110.0,1121.89,1110.0,1118.56,55.928,1046628,0.0000,1.0
2019-02-15,1130.08,1131.67,1110.65,1113.65,55.6825,1449830,0.0000,1.0
2019-02-14,1118.05,1128.23,1110.445,1121.67,56.0835,947632,0.0000,1.0
2019-02-13,1124.99,1134.73,1118.5,1120.16,56.008,1049781,0.0000,1.0
2019-02-12,1106.8,1125.295,1105.85,1121.37,56.0685,1609513,0.0000,1.0
2019-02-11,1096.95,1105.945,1092.86,1095.01,54.7505,1065194,0.0000,1.0
2019-02-08,1087.0,1098.91,1086.55,1095.06,54.753,1075769,0.0000,1.0
2019-02-07,1104.16,1104.84,1086.0,1098.71,54.9355,2044827,0.0000,1.0
2019-02-06,1139.57,1147.0,1112.77,1115.23,55.7615,2105592,0.0000,1.0
2019-02-05,1124.84,1146.85,1117.248,1145.99,57.2995,3552194,0.0000,1.0
2019-02-04,1112.66,1132.8,1109.02,1132.8,56.64,2576470,0.0000,1.0
2019-02-01,1112.4,1125.0,1104.89,1110.75,55.5375,1462208,0.0000,1.0
2019-01-31,1103.0,1117.33,1095.41,1116.37,55.8185,1538324,0.0000,1.0
2019-01-30,1068.43,1091.0,1066.85,1089.06,54.453,1279822,0.0000,1.0
2019-01-29,1072.68,1075.15,1055.865,1060.62,53.031,1021819,0.0000,1.0
2019-01-28,1080.11,1083.0,1063.8,1070.08,53.504,1284281,0.0000,1.0
2019-01-25,1085.0,1094.0,1081.82,1090.99,54.5495,1119216,0.0000,1.0
2019-01-24,1076.48,1079.475,1060.7,1073.9,53.695,1361673,0.0000,1.0
2019-01-23,1077.35,1084.93,1059.75,1075.57,53.7785,966956,0.0000,1.0
2019-01-22,1088.0,1091.51,1063.47,1070.52,53.526,1613527,0.0000,1.0
2019-01-18,1100.0,1108.352,1090.9,1098.26,54.913,1955559,0.0000,1.0
2019-01-17,1079.47,1091.8,1073.5,1089.9,54.495,1242664,0.0000,1.0
2019-01-16,1080.0,1092.375,1079.34,1080.97,54.0485,1331819,0.0000,1.0
2019-01-15,1050.17,1080.05,1047.34,1077.15,53.8575,1463570,0.0000,1.0
2019-01-14,1046.92,1051.53,1041.255,1044.69,52.2345,1144263,0.0000,1.0
2019-01-11,1063.18,1063.775,1048.48,1057.19,52.8595,1520756,0.0000,1.0
2019-01-10,1067.66,1071.15,1057.71,1070.33,53.5165,1456421,0.0000,1.0
2019-01-09,1081.65,1082.63,1066.4,1074.66,53.733,1199272,0.0000,1.0
2019-01-08,1076.11,1084.56,1060.53,1076.28,53.814,1765267,0.0000,1.0
2019-01-07,1071.5,1074.0,1054.76,1068.39,53.4195,1981874,0.0000,1.0
2019-01-04,1032.59,1070.84,1027.418,1070.71,53.5355,2093894,0.0000,1.0
2019-01-03,1041.0,1056.98,1014.07,1016.06,50.803,1841066,0.0000,1.0
2019-01-02,1016.57,1052.32,1015.71,1045.85,52.2925,1532608,0.0000,1.0
2018-12-31,1050.96,1052.7,1023.59,1035.61,51.7805,1493722,0.0000,1.0
2018-12-28,1049.62,1055.56,1033.1,1037.08,51.854,1413772,0.0000,1.0
2018-12-27,1017.15,1043.89,997.0,1043.88,52.194,2109777,0.0000,1.0
2018-12-26,989.01,1040.0,983.0,1039.46,51.973,2373270,0.0000,1.0
2018-12-24,973.9,1003.54,970.11,976.22,48.811,1590328,0.0000,1.0
2018-12-21,1015.3,1024.02,973.69,979.54,48.977,4595891,0.0000,1.0
2018-12-20,1018.13,1034.22,996.36,1009.41,50.4705,2673464,0.0000,1.0
2018-12-19,1033.99,1062.0,1008.05,1023.01,51.1505,2479338,0.0000,1.0
2018-12-18,1026.09,1049.48,1021.44,1028.71,51.4355,2192533,0.0000,1.0
2018-12-17,1037.51,1053.15,1007.9,1016.53,50.8265,2385364,0.0000,1.0
2018-12-14,1049.98,1062.6,1040.79,1042.1,52.105,1686619,0.0000,1.0
2018-12-13,1068.07,1079.76,1053.93,1061.9,53.095,1329768,0.0000,1.0
2018-12-12,1068.0,1081.65,1062.79,1063.68,53.184,1523804,0.0000,1.0
2018-12-11,1056.49,1060.6,1039.84,1051.75,52.5875,1394731,0.0000,1.0
2018-12-10,1035.05,1048.45,1023.29,1039.55,51.9775,1807725,0.0000,1.0
2018-12-07,1060.01,1075.26,1028.5,1036.58,51.829,2101206,0.0000,1.0
2018-12-06,1034.26,1071.2,1030.77,1068.73,53.4365,2769225,0.0000,1.0
2018-12-04,1103.12,1104.42,1049.98,1050.82,52.541,2345166,0.0000,1.0
2018-12-03,1123.14,1124.65,1103.665,1106.43,55.3215,1990758,0.0000,1.0
2018-11-30,1089.07,1095.57,1077.88,1094.43,54.7215,2580612,0.0000,1.0
2018-11-29,1076.08,1094.245,1076.0,1088.3,54.415,1468859,0.0000,1.0
2018-11-28,1048.76,1086.84,1035.76,1086.23,54.3115,2475419,0.0000,1.0
2018-11-27,1041.0,1057.58,1038.49,1044.41,52.2205,1803164,0.0000,1.0
2018-11-26,1038.35,1049.31,1033.91,1048.62,52.431,1942822,0.0000,1.0
2018-11-23,1030.0,1037.59,1022.4,1023.88,51.194,691462,0.0000,1.0
2018-11-21,1036.76,1048.56,1033.47,1037.61,51.8805,1534274,0.0000,1.0
2018-11-20,1000.0,1031.74,996.02,1025.76,51.288,2449130,0.0000,1.0
2018-11-19,1057.2,1060.79,1016.26,1020.0,51.0,1858614,0.0000,1.0
2018-11-16,1059.41,1067.0,1048.98,1061.49,53.0745,1658116,0.0000,1.0
2018-11-15,1044.71,1071.85,1031.78,1064.71,53.2355,1836084,0.0000,1.0
2018-11-14,1050.0,1054.564,1031.0,1043.66,52.183,1565945,0.0000,1.0
2018-11-13,1043.29,1056.605,1031.15,1036.05,51.8025,1513702,0.0000,1.0
2018-11-12,1061.39,1062.12,1031.0,1038.63,51.9315,1471758,0.0000,1.0
2018-11-09,1073.99,1075.56,1053.11,1066.15,53.3075,1343313,0.0000,1.0
2018-11-08,1091.38,1093.27,1072.205,1082.4,54.12,1488182,0.0000,1.0
2018-11-07,1069.0,1095.46,1065.9,1093.39,54.6695,2058356,0.0000,1.0
2018-11-06,1039.48,1064.345,1038.07,1055.81,52.7905,1233306,0.0000,1.0
2018-11-05,1055.0,1058.47,1021.24,1040.09,52.0045,2441430,0.0000,1.0
2018-11-02,1073.73,1082.975,1054.61,1057.79,52.8895,1839043,0.0000,1.0
2018-11-01,1075.8,1083.975,1062.46,1070.0,53.5,1481979,0.0000,1.0
2018-10-31,1059.81,1091.94,1057.0,1076.77,53.8385,2529768,0.0000,1.0
2018-10-30,1008.46,1037.49,1000.75,1036.21,51.8105,3212657,0.0000,1.0
2018-10-29,1082.47,1097.04,995.83,1020.08,51.004,3880723,0.0000,1.0
2018-10-26,1037.03,1106.53,1034.09,1071.47,53.5735,4187586,0.0000,1.0
2018-10-25,1071.79,1110.98,1069.55,1095.57,54.7785,2545839,0.0000,1.0
2018-10-24,1104.25,1106.12,1048.74,1050.71,52.5355,1982430,0.0000,1.0
2018-10-23,1080.89,1107.89,1070.0,1103.69,55.1845,1848654,0.0000,1.0
2018-10-22,1103.06,1112.23,1091.0,1101.16,55.058,1514220,0.0000,1.0
2018-10-19,1093.37,1110.36,1087.75,1096.46,54.823,1267649,0.0000,1.0
2018-10-18,1121.84,1121.84,1077.09,1087.97,54.3985,2094524,0.0000,1.0
2018-10-17,1126.46,1128.99,1102.19,1115.69,55.7845,1467226,0.0000,1.0
2018-10-16,1104.59,1124.22,1102.5,1121.28,56.064,1928540,0.0000,1.0
2018-10-15,1108.91,1113.446,1089.0,1092.25,54.6125,1372393,0.0000,1.0
2018-10-12,1108.0,1115.0,1086.402,1110.08,55.504,2101303,0.0000,1.0
2018-10-11,1072.94,1106.4,1068.27,1079.32,53.966,2950120,0.0000,1.0
2018-10-10,1131.08,1132.17,1081.13,1081.22,54.061,2675742,0.0000,1.0
2018-10-09,1146.15,1154.35,1137.572,1138.82,56.941,1308764,0.0000,1.0
2018-10-08,1150.11,1168.0,1127.364,1148.97,57.4485,1932355,0.0000,1.0
2018-10-05,1167.5,1173.5,1145.12,1157.35,57.8675,1184452,0.0000,1.0
2018-10-04,1195.33,1197.51,1155.576,1168.19,58.4095,2209490,0.0000,1.0
2018-10-03,1205.0,1206.41,1193.83,1202.95,60.1475,1256214,0.0000,1.0
2018-10-02,1190.96,1209.96,1186.63,1200.11,60.0055,1687914,0.0000,1.0
2018-10-01,1199.89,1209.9,1190.3,1195.31,59.7655,1357604,0.0000,1.0
2018-09-28,1191.87,1195.41,1184.5,1193.47,59.6735,1380629,0.0000,1.0
2018-09-27,1186.73,1202.1,1183.63,1194.64,59.732,1260754,0.0000,1.0
2018-09-26,1185.15,1194.23,1174.765,1180.49,59.0245,1462253,0.0000,1.0
2018-09-25,1176.15,1186.88,1168.0,1184.65,59.2325,977731,0.0000,1.0
2018-09-24,1157.17,1178.0,1146.91,1173.37,58.6685,1271017,0.0000,1.0
2018-09-21,1192.0,1192.21,1166.04,1166.09,58.3045,4405584,0.0000,1.0
2018-09-20,1179.99,1189.89,1173.36,1186.87,59.3435,1225387,0.0000,1.0
2018-09-19,1164.98,1173.21,1154.58,1171.09,58.5545,1191386,0.0000,1.0
2018-09-18,1157.09,1176.08,1157.09,1161.22,58.061,1203686,0.0000,1.0
2018-09-17,1170.14,1177.24,1154.03,1156.05,57.8025,1306522,0.0000,1.0
2018-09-14,1179.1,1180.425,1168.33,1172.53,58.6265,943978,0.0000,1.0
2018-09-13,1170.74,1178.61,1162.85,1175.33,58.7665,1431214,0.0000,1.0
2018-09-12,1172.72,1178.61,1158.36,1162.82,58.141,1295472,0.0000,1.0
2018-09-11,1161.63,1178.68,1156.24,1177.36,58.868,1209565,0.0000,1.0
2018-09-10,1172.19,1174.54,1160.11,1164.64,58.232,1115796,0.0000,1.0
2018-09-07,1158.67,1175.26,1157.215,1164.83,58.2415,1401404,0.0000,1.0
2018-09-06,1186.3,1186.3,1152.0,1171.44,58.572,1888467,0.0000,1.0
2018-09-05,1193.8,1199.01,1162.0,1186.48,59.324,2061309,0.0000,1.0
2018-09-04,1204.27,1212.99,1192.5,1197.0,59.85,1831045,0.0000,1.0
2018-08-31,1234.98,1238.66,1211.285,1218.19,60.9095,1816426,0.0000,1.0
2018-08-30,1244.23,1253.635,1232.59,1239.12,61.956,1331439,0.0000,1.0
2018-08-29,1237.45,1250.66,1236.359,1249.3,62.465,1309312,0.0000,1.0
2018-08-28,1241.29,1242.545,1228.69,1231.15,61.5575,1304007,0.0000,1.0
2018-08-27,1227.6,1243.09,1225.716,1241.82,62.091,1156255,0.0000,1.0
2018-08-24,1208.82,1221.65,1206.359,1220.65,61.0325,946840,0.0000,1.0
2018-08-23,1207.14,1221.28,1204.24,1205.38,60.269,992604,0.0000,1.0
2018-08-22,1200.0,1211.84,1199.0,1207.33,60.3665,887389,0.0000,1.0
2018-08-21,1208.0,1217.26,1200.354,1201.62,60.081,1205580,0.0000,1.0
2018-08-20,1205.02,1211.0,1194.626,1207.77,60.3885,870772,0.0000,1.0
2018-08-17,1202.03,1209.02,1188.24,1200.96,60.048,1389645,0.0000,1.0
2018-08-16,1224.73,1226.0,1202.55,1206.49,60.3245,1343161,0.0000,1.0
2018-08-15,1229.26,1235.24,1209.51,1214.38,60.719,1828814,0.0000,1.0
2018-08-14,1235.19,1245.87,1225.11,1242.1,62.105,1348194,0.0000,1.0
2018-08-13,1236.98,1249.273,1233.641,1235.01,61.7505,997346,0.0000,1.0
2018-08-10,1243.0,1245.695,1232.0,1237.61,61.8805,1108919,0.0000,1.0
2018-08-09,1249.9,1255.542,1246.01,1249.1,62.455,848601,0.0000,1.0
2018-08-08,1240.47,1256.5,1238.008,1245.61,62.2805,1370913,0.0000,1.0
2018-08-07,1237.0,1251.17,1236.17,1242.22,62.111,1493980,0.0000,1.0
2018-08-06,1225.0,1226.088,1215.797,1224.77,61.2385,1081723,0.0000,1.0
2018-08-03,1229.62,1230.0,1215.06,1223.71,61.1855,1089896,0.0000,1.0
2018-08-02,1205.9,1229.88,1204.79,1226.15,61.3075,1531299,0.0000,1.0
2018-08-01,1228.0,1233.47,1210.21,1220.01,61.0005,1567264,0.0000,1.0
2018-07-31,1220.01,1227.588,1205.6,1217.26,60.863,1644722,0.0000,1.0
2018-07-30,1228.01,1234.916,1211.47,1219.74,60.987,1849904,0.0000,1.0
2018-07-27,1271.0,1273.89,1231.0,1238.5,61.925,2130558,0.0000,1.0
2018-07-26,1251.0,1269.771,1249.02,1268.33,63.4165,2405638,0.0000,1.0
2018-07-25,1239.13,1265.86,1239.13,1263.7,63.185,2139999,0.0000,1.0
2018-07-24,1262.59,1266.0,1235.56,1248.08,62.404,3318204,0.0000,1.0
2018-07-23,1181.01,1206.49,1181.0,1205.5,60.275,2619234,0.0000,1.0
2018-07-20,1186.96,1196.86,1184.22,1184.91,59.2455,1248400,0.0000,1.0
2018-07-19,1191.0,1200.0,1183.32,1186.96,59.348,1276667,0.0000,1.0
2018-07-18,1196.56,1204.5,1190.34,1195.88,59.794,1393606,0.0000,1.0
2018-07-17,1172.22,1203.04,1170.6,1198.8,59.94,1610353,0.0000,1.0
2018-07-16,1189.39,1191.0,1179.28,1183.86,59.193,1055662,0.0000,1.0
2018-07-13,1185.0,1195.417,1180.0,1188.82,59.441,1222072,0.0000,1.0
2018-07-12,1159.89,1184.41,1155.935,1183.48,59.174,1251884,0.0000,1.0
2018-07-11,1144.59,1164.29,1141.0,1153.9,57.695,1119993,0.0000,1.0
2018-07-10,1156.98,1159.59,1149.59,1152.84,57.642,798412,0.0000,1.0
2018-07-09,1148.48,1154.67,1143.42,1154.05,57.7025,908969,0.0000,1.0
2018-07-06,1123.58,1140.93,1120.737,1140.17,57.0085,996079,0.0000,1.0
2018-07-05,1110.53,1127.5,1108.48,1124.27,56.2135,1066685,0.0000,1.0
2018-07-03,1135.82,1135.82,1100.02,1102.89,55.1445,679034,0.0000,1.0
2018-07-02,1099.0,1128.0,1093.8,1127.46,56.373,1217311,0.0000,1.0
2018-06-29,1120.0,1128.227,1115.0,1115.65,55.7825,1315121,0.0000,1.0
2018-06-28,1102.09,1122.31,1096.01,1114.22,55.711,1072438,0.0000,1.0
2018-06-27,1121.34,1131.836,1103.62,1103.98,55.199,1293892,0.0000,1.0
2018-06-26,1128.0,1133.21,1116.659,1118.46,55.923,1563225,0.0000,1.0
2018-06-25,1143.6,1143.91,1112.78,1124.81,56.2405,2157310,0.0000,1.0
2018-06-22,1159.14,1162.497,1147.26,1155.48,57.774,1310967,0.0000,1.0
2018-06-21,1174.85,1177.295,1152.232,1157.66,57.883,1238118,0.0000,1.0
2018-06-20,1175.31,1186.286,1169.16,1169.84,58.492,1648536,0.0000,1.0
2018-06-19,1158.5,1171.27,1154.01,1168.06,58.403,1621018,0.0000,1.0
2018-06-18,1143.65,1174.31,1143.59,1173.46,58.673,1413692,0.0000,1.0
2018-06-15,1148.86,1153.42,1143.485,1152.26,57.613,2122476,0.0000,1.0
2018-06-14,1143.85,1155.47,1140.64,1152.12,57.606,1350868,0.0000,1.0
2018-06-13,1141.12,1146.5,1133.38,1134.79,56.7395,1506407,0.0000,1.0
2018-06-12,1131.07,1139.79,1130.735,1139.32,56.966,912018,0.0000,1.0
2018-06-11,1118.6,1137.26,1118.6,1129.99,56.4995,1079294,0.0000,1.0
2018-06-08,1118.18,1126.67,1112.15,1120.87,56.0435,1290845,0.0000,1.0
2018-06-07,1131.32,1135.82,1116.52,1123.86,56.193,1520020,0.0000,1.0
2018-06-06,1142.17,1143.0,1125.743,1136.88,56.844,1698247,0.0000,1.0
2018-06-05,1140.99,1145.738,1133.19,1139.66,56.983,1677973,0.0000,1.0
2018-06-04,1122.33,1141.89,1122.005,1139.29,56.9645,1889579,0.0000,1.0
2018-06-01,1099.35,1120.0,1098.5,1119.5,55.975,2421598,0.0000,1.0
2018-05-31,1067.56,1097.19,1067.56,1084.99,54.2495,3088305,0.0000,1.0
2018-05-30,1063.03,1069.21,1056.83,1067.8,53.39,1138457,0.0000,1.0
2018-05-29,1064.89,1073.37,1055.22,1060.32,53.016,1865139,0.0000,1.0
2018-05-25,1079.02,1082.56,1073.775,1075.66,53.783,899406,0.0000,1.0
2018-05-24,1079.0,1080.47,1066.15,1079.24,53.962,766773,0.0000,1.0
2018-05-23,1065.13,1080.78,1061.71,1079.69,53.9845,1060683,0.0000,1.0
2018-05-22,1083.56,1086.59,1066.69,1069.73,53.4865,1090002,0.0000,1.0
2018-05-21,1074.06,1088.0,1073.65,1079.58,53.979,1023211,0.0000,1.0
2018-05-18,1061.86,1069.94,1060.68,1066.36,53.318,1565240,0.0000,1.0
2018-05-17,1079.89,1086.87,1073.5,1078.59,53.9295,1043766,0.0000,1.0
2018-05-16,1077.31,1089.27,1076.26,1081.77,54.0885,1097317,0.0000,1.0
2018-05-15,1090.0,1090.05,1073.47,1079.23,53.9615,1494872,0.0000,1.0
2018-05-14,1100.0,1110.75,1099.11,1100.2,55.01,1518077,0.0000,1.0
2018-05-11,1093.6,1101.33,1090.91,1098.26,54.913,1253665,0.0000,1.0
2018-05-10,1086.03,1100.44,1085.64,1097.57,54.8785,1443025,0.0000,1.0
2018-05-09,1058.1,1085.44,1056.365,1082.76,54.138,2032818,0.0000,1.0
2018-05-08,1058.54,1060.55,1047.145,1053.91,52.6955,1217721,0.0000,1.0
2018-05-07,1049.23,1061.68,1047.1,1054.79,52.7395,1466065,0.0000,1.0
2018-05-04,1016.9,1048.51,1016.9,1048.21,52.4105,1938658,0.0000,1.0
2018-05-03,1019.0,1029.675,1006.29,1023.72,51.186,1815058,0.0000,1.0
2018-05-02,1028.1,1040.389,1022.87,1024.38,51.219,1603081,0.0000,1.0
2018-05-01,1013.66,1038.47,1008.21,1037.31,51.8655,1427857,0.0000,1.0
2018-04-30,1030.01,1037.0,1016.85,1017.33,50.8665,1671254,0.0000,1.0
2018-04-27,1046.0,1049.5,1025.59,1030.05,51.5025,1619796,0.0000,1.0
2018-04-26,1029.51,1047.98,1018.19,1040.04,52.002,2079533,0.0000,1.0
2018-04-25,1025.52,1032.49,1015.31,1021.18,51.059,2391105,0.0000,1.0
2018-04-24,1052.0,1057.0,1010.59,1019.98,50.999,4760260,0.0000,1.0
2018-04-23,1077.86,1082.72,1060.7,1067.45,53.3725,2341258,0.0000,1.0
2018-04-20,1082.0,1092.35,1069.57,1072.96,53.648,1889686,0.0000,1.0
2018-04-19,1069.4,1094.165,1068.18,1087.7,54.385,1747671,0.0000,1.0
2018-04-18,1077.43,1077.43,1066.225,1072.08,53.604,1344138,0.0000,1.0
2018-04-17,1051.37,1077.88,1048.26,1074.16,53.708,2320266,0.0000,1.0
2018-04-16,1037.0,1043.24,1026.74,1037.98,51.899,1211208,0.0000,1.0
2018-04-13,1040.88,1046.42,1022.98,1029.27,51.4635,1223017,0.0000,1.0
2018-04-12,1025.04,1040.69,1021.435,1032.51,51.6255,1359389,0.0000,1.0
2018-04-11,1027.99,1031.364,1015.87,1019.97,50.9985,1483881,0.0000,1.0
2018-04-10,1026.44,1036.28,1011.34,1031.64,51.582,2029648,0.0000,1.0
2018-04-09,1016.8,1039.6,1014.08,1015.45,50.7725,1751559,0.0000,1.0
2018-04-06,1020.0,1031.42,1003.03,1007.04,50.352,1746430,0.0000,1.0
2018-04-05,1041.33,1042.79,1020.131,1027.81,51.3905,1363049,0.0000,1.0
2018-04-04,993.41,1028.718,993.0,1025.14,51.257,2484651,0.0000,1.0
2018-04-03,1013.91,1020.99,994.07,1013.41,50.6705,2275076,0.0000,1.0
2018-04-02,1022.82,1034.8,990.37,1006.47,50.3235,2680400,0.0000,1.0
2018-03-29,1011.63,1043.0,1002.9,1031.79,51.5895,2726830,0.0000,1.0
2018-03-28,998.0,1024.23,980.64,1004.56,50.228,3369275,0.0000,1.0
2018-03-27,1063.0,1064.839,996.92,1005.1,50.255,3029471,0.0000,1.0
2018-03-26,1046.0,1055.63,1008.4,1053.21,52.6605,2558385,0.0000,1.0
2018-03-23,1047.03,1063.36,1021.22,1021.57,51.0785,2113497,0.0000,1.0
2018-03-22,1081.88,1082.9,1045.91,1049.08,52.454,2580374,0.0000,1.0
2018-03-21,1092.74,1106.3,1085.15,1090.88,54.544,1640709,0.0000,1.0
2018-03-20,1099.0,1105.2,1083.46,1097.71,54.8855,1783872,0.0000,1.0
2018-03-19,1120.01,1121.99,1089.01,1099.82,54.991,2339506,0.0000,1.0
2018-03-16,1154.14,1155.88,1131.96,1135.73,56.7865,2560277,0.0000,1.0
2018-03-15,1149.96,1161.08,1134.54,1149.58,57.479,1392521,0.0000,1.0
2018-03-14,1145.21,1158.59,1141.44,1149.49,57.4745,1192615,0.0000,1.0
2018-03-13,1170.0,1176.76,1133.33,1138.17,56.9085,1808098,0.0000,1.0
2018-03-12,1163.85,1177.05,1157.42,1164.5,58.225,2076306,0.0000,1.0
2018-03-09,1136.0,1160.8,1132.461,1160.04,58.002,2074952,0.0000,1.0
2018-03-08,1115.32,1127.6,1112.8,1126.0,56.3,1240299,0.0000,1.0
2018-03-07,1089.19,1112.22,1085.482,1109.64,55.482,1292537,0.0000,1.0
2018-03-06,1099.22,1101.85,1089.775,1095.06,54.753,1532783,0.0000,1.0
2018-03-05,1075.14,1097.1,1069.0,1090.93,54.5465,1202174,0.0000,1.0
2018-03-02,1053.08,1081.999,1048.115,1078.92,53.946,2271551,0.0000,1.0
2018-03-01,1107.87,1110.12,1067.001,1069.52,53.476,2515910,0.0000,1.0
2018-02-28,1123.03,1127.53,1103.24,1104.73,55.2365,1858051,0.0000,1.0
2018-02-27,1141.24,1144.04,1118.0,1118.29,55.9145,1741578,0.0000,1.0
2018-02-26,1127.8,1143.96,1126.695,1143.75,57.1875,1492380,0.0000,1.0
2018-02-23,1112.64,1127.28,1104.714,1126.79,56.3395,1158377,0.0000,1.0
2018-02-22,1116.19,1122.82,1102.59,1106.63,55.3315,1306276,0.0000,1.0
2018-02-21,1106.47,1133.97,1106.33,1111.34,55.567,1493162,0.0000,1.0
2018-02-20,1090.57,1113.95,1088.52,1102.46,55.123,1381603,0.0000,1.0
2018-02-16,1088.41,1104.67,1088.313,1094.8,54.74,1664969,0.0000,1.0
2018-02-15,1079.07,1091.479,1064.34,1089.52,54.476,1777694,0.0000,1.0
2018-02-14,1048.95,1071.72,1046.75,1069.7,53.485,1515444,0.0000,1.0
2018-02-13,1045.0,1058.37,1044.087,1052.1,52.605,1209341,0.0000,1.0
2018-02-12,1048.0,1061.5,1040.928,1051.94,52.597,2038875,0.0000,1.0
2018-02-09,1017.25,1043.97,992.56,1037.78,51.889,3267883,0.0000,1.0
2018-02-08,1055.41,1058.62,1000.66,1001.52,50.076,2720942,0.0000,1.0
2018-02-07,1081.54,1081.78,1048.26,1048.58,52.429,2331374,0.0000,1.0
2018-02-06,1027.18,1081.71,1023.137,1080.6,54.03,3360727,0.0000,1.0
2018-02-05,1090.6,1110.0,1052.03,1055.8,52.79,3336352,0.0000,1.0
2018-02-02,1122.0,1123.07,1107.278,1111.9,55.595,4758496,0.0000,1.0
2018-02-01,1162.61,1174.0,1157.52,1167.7,58.385,1974700,0.0000,1.0
2018-01-31,1170.57,1173.0,1159.13,1169.94,58.497,1486793,0.0000,1.0
2018-01-30,1167.83,1176.52,1163.52,1163.69,58.1845,1400132,0.0000,1.0
2018-01-29,1176.48,1186.89,1171.98,1175.58,58.779,1299218,0.0000,1.0
2018-01-26,1175.08,1175.84,1158.11,1175.84,58.792,1825680,0.0000,1.0
2018-01-25,1172.53,1175.94,1162.76,1170.37,58.5185,1326436,0.0000,1.0
2018-01-24,1177.33,1179.86,1161.05,1164.24,58.212,1351237,0.0000,1.0
2018-01-23,1159.85,1171.627,1158.75,1169.97,58.4985,1199326,0.0000,1.0
2018-01-22,1137.49,1159.88,1135.11,1155.81,57.7905,1582504,0.0000,1.0
2018-01-19,1131.83,1137.86,1128.3,1137.51,56.8755,1361390,0.0000,1.0
2018-01-18,1131.41,1132.51,1117.5,1129.79,56.4895,1148920,0.0000,1.0
2018-01-17,1126.22,1132.6,1117.01,1131.98,56.599,1146089,0.0000,1.0
2018-01-16,1132.51,1139.91,1117.832,1121.76,56.088,1539230,0.0000,1.0
2018-01-12,1102.41,1124.29,1101.15,1122.26,56.113,1701377,0.0000,1.0
2018-01-11,1106.3,1106.525,1099.59,1105.52,55.276,962696,0.0000,1.0
2018-01-10,1097.1,1104.6,1096.11,1102.61,55.1305,1038917,0.0000,1.0
2018-01-09,1109.4,1110.57,1101.231,1106.26,55.313,897400,0.0000,1.0
2018-01-08,1102.23,1111.27,1101.62,1106.94,55.347,1003098,0.0000,1.0
2018-01-05,1094.0,1104.25,1092.0,1102.23,55.1115,1210974,0.0000,1.0
2018-01-04,1088.0,1093.57,1084.002,1086.4,54.32,990510,0.0000,1.0
2018-01-03,1064.31,1086.29,1063.21,1082.48,54.124,1416093,0.0000,1.0
2018-01-02,1048.34,1066.94,1045.23,1065.0,53.25,1223114,0.0000,1.0
2017-12-29,1046.72,1049.7,1044.9,1046.4,52.32,867943,0.0000,1.0
2017-12-28,1051.6,1054.75,1044.77,1048.14,52.407,829623,0.0000,1.0
2017-12-27,1057.39,1058.37,1048.05,1049.37,52.4685,1214775,0.0000,1.0
2017-12-26,1058.07,1060.12,1050.2,1056.74,52.837,756324,0.0000,1.0
2017-12-22,1061.11,1064.2,1059.44,1060.12,53.006,734566,0.0000,1.0
2017-12-21,1064.95,1069.33,1061.794,1063.63,53.1815,974594,0.0000,1.0
2017-12-20,1071.78,1073.38,1061.52,1064.95,53.2475,1266115,0.0000,1.0
2017-12-19,1075.2,1076.84,1063.55,1070.68,53.534,1254615,0.0000,1.0
2017-12-18,1066.08,1078.49,1062.0,1077.14,53.857,1531522,0.0000,1.0
2017-12-15,1054.61,1067.62,1049.5,1064.19,53.2095,3142760,0.0000,1.0
2017-12-14,1045.0,1058.5,1043.11,1049.15,52.4575,1545616,0.0000,1.0
2017-12-13,1046.12,1046.665,1038.38,1040.61,52.0305,1207286,0.0000,1.0
2017-12-12,1039.63,1050.31,1033.69,1040.48,52.024,1269883,0.0000,1.0
2017-12-11,1035.5,1043.8,1032.05,1041.1,52.055,1119052,0.0000,1.0
2017-12-08,1037.49,1042.05,1032.522,1037.05,51.8525,1277894,0.0000,1.0
2017-12-07,1020.43,1034.24,1018.07,1030.93,51.5465,1387107,0.0000,1.0
2017-12-06,1001.5,1024.97,1001.14,1018.38,50.919,1254837,0.0000,1.0
2017-12-05,995.94,1020.61,988.28,1005.15,50.2575,2023376,0.0000,1.0
2017-12-04,1012.66,1016.1,995.57,998.68,49.934,1891408,0.0000,1.0
2017-12-01,1015.8,1022.49,1002.02,1010.17,50.5085,1908944,0.0000,1.0
2017-11-30,1022.37,1028.49,1015.0,1021.41,51.0705,1722913,0.0000,1.0
2017-11-29,1042.68,1044.08,1015.65,1021.66,51.083,2438875,0.0000,1.0
2017-11-28,1055.09,1062.38,1040.0,1047.41,52.3705,1341000,0.0000,1.0
2017-11-27,1040.0,1055.46,1038.44,1054.21,52.7105,1284354,0.0000,1.0
2017-11-24,1035.87,1043.18,1035.0,1040.61,52.0305,536958,0.0000,1.0
2017-11-22,1035.0,1039.71,1031.43,1035.96,51.798,716661,0.0000,1.0
2017-11-21,1023.31,1035.11,1022.66,1034.49,51.7245,1083715,0.0000,1.0
2017-11-20,1020.26,1022.61,1017.5,1018.38,50.919,894844,0.0000,1.0
2017-11-17,1034.01,1034.42,1017.75,1019.09,50.9545,1350144,0.0000,1.0
2017-11-16,1022.52,1035.92,1022.52,1032.5,51.625,1129423,0.0000,1.0
2017-11-15,1019.21,1024.09,1015.42,1020.91,51.0455,859951,0.0000,1.0
2017-11-14,1022.59,1026.81,1014.15,1026.0,51.3,947273,0.0000,1.0
2017-11-13,1023.42,1031.58,1022.57,1025.75,51.2875,878969,0.0000,1.0
2017-11-10,1026.46,1030.76,1025.28,1028.07,51.4035,719227,0.0000,1.0
2017-11-09,1033.99,1033.99,1019.67,1031.26,51.563,1236903,0.0000,1.0
2017-11-08,1030.52,1043.52,1028.45,1039.85,51.9925,946210,0.0000,1.0
2017-11-07,1027.27,1033.97,1025.13,1033.33,51.6665,1089887,0.0000,1.0
2017-11-06,1028.99,1034.87,1025.0,1025.9,51.295,1119131,0.0000,1.0
2017-11-03,1022.11,1032.65,1020.31,1032.48,51.624,1058037,0.0000,1.0
2017-11-02,1021.76,1028.09,1013.01,1025.58,51.279,1008190,0.0000,1.0
2017-11-01,1017.21,1029.67,1016.95,1025.5,51.275,1360900,0.0000,1.0
2017-10-31,1015.22,1024.0,1010.42,1016.64,50.832,1324961,0.0000,1.0
2017-10-30,1014.0,1024.97,1007.5,1017.11,50.8555,2074619,0.0000,1.0
2017-10-27,1009.19,1048.39,1008.2,1019.27,50.9635,5125791,0.0000,1.0
2017-10-26,980.0,987.6,972.2,972.56,48.628,1660850,0.0000,1.0
2017-10-25,968.37,976.09,960.5201,973.33,48.6665,1162606,0.0000,1.0
2017-10-24,970.0,972.23,961.0,970.54,48.527,1155231,0.0000,1.0
2017-10-23,989.52,989.52,966.12,968.45,48.4225,1431886,0.0000,1.0
2017-10-20,989.44,991.0,984.58,988.2,49.41,1120038,0.0000,1.0
2017-10-19,986.0,988.88,978.39,984.45,49.2225,1282755,0.0000,1.0
2017-10-18,991.77,996.72,986.9747,992.81,49.6405,1022521,0.0000,1.0
2017-10-17,990.29,996.44,988.59,992.18,49.609,1266399,0.0000,1.0
2017-10-16,992.1,993.9065,984.0,992.0,49.6,900751,0.0000,1.0
2017-10-13,992.0,997.21,989.0,989.68,49.484,1143907,0.0000,1.0
2017-10-12,987.45,994.12,985.0,987.83,49.3915,1259082,0.0000,1.0
2017-10-11,973.72,990.71,972.25,989.25,49.4625,1663731,0.0000,1.0
2017-10-10,980.0,981.57,966.0801,972.6,48.63,956419,0.0000,1.0
2017-10-09,980.0,985.425,976.11,977.0,48.85,886700,0.0000,1.0
2017-10-06,966.7,979.46,963.36,978.89,48.9445,1142699,0.0000,1.0
2017-10-05,955.49,970.91,955.18,969.96,48.498,1202101,0.0000,1.0
2017-10-04,957.0,960.39,950.69,951.68,47.584,881380,0.0000,1.0
2017-10-03,954.0,958.0,949.14,957.79,47.8895,881562,0.0000,1.0
2017-10-02,959.98,962.54,947.84,953.27,47.6635,1222026,0.0000,1.0
2017-09-29,952.0,959.7864,951.51,959.11,47.9555,1533133,0.0000,1.0
2017-09-28,941.36,950.69,940.55,949.5,47.475,959648,0.0000,1.0
2017-09-27,927.74,949.9,927.74,944.49,47.2245,2202959,0.0000,1.0
2017-09-26,923.72,930.82,921.14,924.86,46.243,1652848,0.0000,1.0
2017-09-25,925.45,926.4,909.7,920.97,46.0485,1822881,0.0000,1.0
2017-09-22,927.75,934.73,926.48,928.53,46.4265,1038551,0.0000,1.0
2017-09-21,933.0,936.53,923.83,932.45,46.6225,1207656,0.0000,1.0
2017-09-20,922.98,933.88,922.0,931.58,46.579,1518166,0.0000,1.0
2017-09-19,917.42,922.4199,912.55,921.81,46.0905,902415,0.0000,1.0
2017-09-18,920.01,922.08,910.6,915.0,45.75,1263456,0.0000,1.0
2017-09-15,924.66,926.49,916.36,920.29,46.0145,2475031,0.0000,1.0
2017-09-14,931.25,932.77,924.0,925.11,46.2555,1389012,0.0000,1.0
2017-09-13,930.66,937.25,929.86,935.09,46.7545,1066051,0.0000,1.0
2017-09-12,932.59,933.48,923.861,932.07,46.6035,1120449,0.0000,1.0
2017-09-11,934.25,938.38,926.92,929.08,46.454,1247138,0.0000,1.0
2017-09-08,936.49,936.99,924.88,926.5,46.325,993832,0.0000,1.0
2017-09-07,931.73,936.41,923.62,935.95,46.7975,1200257,0.0000,1.0
2017-09-06,930.15,930.915,919.27,927.81,46.3905,1468808,0.0000,1.0
2017-09-05,933.08,937.0,921.96,928.45,46.4225,1202163,0.0000,1.0
2017-09-01,941.13,942.48,935.15,937.34,46.867,913404,0.0000,1.0
2017-08-31,931.76,941.98,931.76,939.33,46.9665,1553301,0.0000,1.0
2017-08-30,920.05,930.819,919.65,929.57,46.4785,1282093,0.0000,1.0
2017-08-29,905.1,923.33,905.0,921.29,46.0645,1180160,0.0000,1.0
2017-08-28,916.0,919.245,911.87,913.81,45.6905,1072467,0.0000,1.0
2017-08-25,923.49,925.555,915.5,915.89,45.7945,1040693,0.0000,1.0
2017-08-24,928.66,930.84,915.5,921.28,46.064,1218875,0.0000,1.0
2017-08-23,921.93,929.93,919.36,927.0,46.35,1077809,0.0000,1.0
2017-08-22,912.72,925.86,911.4751,924.69,46.2345,1145571,0.0000,1.0
2017-08-21,910.0,913.0,903.4,906.66,45.333,932903,0.0000,1.0
2017-08-18,910.31,915.275,907.1543,910.67,45.5335,1333572,0.0000,1.0
2017-08-17,925.78,926.86,910.98,910.98,45.549,1218963,0.0000,1.0
2017-08-16,925.29,932.7,923.445,926.96,46.348,988604,0.0000,1.0
2017-08-15,924.23,926.5499,919.82,922.22,46.111,873070,0.0000,1.0
2017-08-14,922.53,924.668,918.19,922.67,46.1335,1047828,0.0000,1.0
2017-08-11,907.97,917.78,905.58,914.39,45.7195,1190458,0.0000,1.0
2017-08-10,917.55,919.26,906.13,907.24,45.362,1722296,0.0000,1.0
2017-08-09,920.61,925.98,917.2501,922.9,46.145,1169431,0.0000,1.0
2017-08-08,927.09,935.814,925.6095,926.79,46.3395,1039394,0.0000,1.0
2017-08-07,929.06,931.7,926.5,929.36,46.468,1012296,0.0000,1.0
2017-08-04,926.75,930.3068,923.03,927.96,46.398,1019159,0.0000,1.0
2017-08-03,930.34,932.24,922.24,923.65,46.1825,1179126,0.0000,1.0
2017-08-02,928.61,932.6,916.68,930.39,46.5195,1816343,0.0000,1.0
2017-08-01,932.38,937.447,929.26,930.83,46.5415,1211553,0.0000,1.0
2017-07-31,941.89,943.59,926.04,930.5,46.525,1952716,0.0000,1.0
2017-07-28,929.4,943.83,927.5,941.53,47.0765,1775076,0.0000,1.0
2017-07-27,951.78,951.78,920.0,934.09,46.7045,3095263,0.0000,1.0
2017-07-26,954.68,955.0,942.2788,947.8,47.39,2056013,0.0000,1.0
2017-07-25,953.81,959.7,945.4,950.7,47.535,4626086,0.0000,1.0
2017-07-24,972.22,986.2,970.77,980.34,49.017,2634669,0.0000,1.0
2017-07-21,962.25,973.23,960.15,972.92,48.646,1665103,0.0000,1.0
2017-07-20,975.0,975.9,961.51,968.15,48.4075,1577103,0.0000,1.0
2017-07-19,967.84,973.04,964.03,970.89,48.5445,1212814,0.0000,1.0
2017-07-18,953.0,968.04,950.6,965.4,48.27,1131130,0.0000,1.0
2017-07-17,957.0,960.74,949.2407,953.42,47.671,1141026,0.0000,1.0
2017-07-14,952.0,956.91,948.005,955.99,47.7995,1017632,0.0000,1.0
2017-07-13,946.29,954.45,943.01,947.16,47.358,1291782,0.0000,1.0
2017-07-12,938.68,946.3,934.47,943.83,47.1915,1505982,0.0000,1.0
2017-07-11,929.54,931.43,922.0,930.09,46.5045,1093281,0.0000,1.0
2017-07-10,921.77,930.38,919.59,928.8,46.44,1189085,0.0000,1.0
2017-07-07,908.85,921.54,908.85,918.59,45.9295,1588034,0.0000,1.0
2017-07-06,904.12,914.9444,899.7,906.69,45.3345,1409533,0.0000,1.0
2017-07-05,901.76,914.51,898.5,911.71,45.5855,1743497,0.0000,1.0
2017-07-03,912.18,913.94,894.79,898.7,44.935,1710189,0.0000,1.0
2017-06-30,926.05,926.05,908.31,908.73,45.4365,2035931,0.0000,1.0
2017-06-29,929.92,931.26,910.62,917.79,45.8895,3248393,0.0000,1.0
2017-06-28,929.0,942.75,916.0,940.49,47.0245,2712222,0.0000,1.0
2017-06-27,942.46,948.29,926.85,927.33,46.3665,2553771,0.0000,1.0
2017-06-26,969.9,973.31,950.79,952.27,47.6135,1581031,0.0000,1.0
2017-06-23,956.83,966.0,954.2,965.59,48.2795,1394008,0.0000,1.0
2017-06-22,958.7,960.72,954.55,957.09,47.8545,940373,0.0000,1.0
2017-06-21,953.64,960.1,950.76,959.45,47.9725,1192342,0.0000,1.0
2017-06-20,957.52,961.62,950.01,950.63,47.5315,1111840,0.0000,1.0
2017-06-19,949.96,959.99,949.05,957.37,47.8685,1494191,0.0000,1.0
2017-06-16,940.0,942.04,931.595,939.78,46.989,2921393,0.0000,1.0
2017-06-15,933.97,943.339,924.44,942.31,47.1155,2055953,0.0000,1.0
2017-06-14,959.92,961.15,942.25,950.76,47.538,1477033,0.0000,1.0
2017-06-13,951.91,959.98,944.09,953.4,47.67,1995350,0.0000,1.0
2017-06-12,939.56,949.355,915.2328,942.9,47.145,3731589,0.0000,1.0
2017-06-09,984.5,984.5,935.63,949.83,47.4915,3270248,0.0000,1.0
2017-06-08,982.35,984.57,977.2,983.41,49.1705,1451232,0.0000,1.0
2017-06-07,979.65,984.15,975.77,981.08,49.054,1429834,0.0000,1.0
2017-06-06,983.16,988.25,975.14,976.57,48.8285,1796904,0.0000,1.0
2017-06-05,976.55,986.91,975.1,983.68,49.184,1221971,0.0000,1.0
2017-06-02,969.46,975.88,966.0,975.6,48.78,1717212,0.0000,1.0
2017-06-01,968.95,971.5,960.01,966.95,48.3475,1403200,0.0000,1.0
2017-05-31,975.02,979.27,960.18,964.86,48.243,2426589,0.0000,1.0
2017-05-30,970.31,976.2,969.49,975.88,48.794,1455686,0.0000,1.0
2017-05-26,969.7,974.98,965.03,971.47,48.5735,1246186,0.0000,1.0
2017-05-25,957.33,972.629,955.47,969.54,48.477,1645873,0.0000,1.0
2017-05-24,952.98,955.09,949.5,954.96,47.748,990248,0.0000,1.0
2017-05-23,947.92,951.4666,942.575,948.82,47.441,1259285,0.0000,1.0
2017-05-22,935.0,941.8828,935.0,941.86,47.093,1092176,0.0000,1.0
2017-05-19,931.47,937.755,931.0,934.01,46.7005,1382221,0.0000,1.0
2017-05-18,921.0,933.17,918.75,930.24,46.512,1586465,0.0000,1.0
2017-05-17,935.67,939.3325,918.14,919.62,45.981,2323389,0.0000,1.0
2017-05-16,940.0,943.11,937.58,943.0,47.15,956692,0.0000,1.0
2017-05-15,932.95,938.25,929.34,937.08,46.854,1094283,0.0000,1.0
2017-05-12,931.53,933.44,927.85,932.22,46.611,1038409,0.0000,1.0
2017-05-11,925.32,932.53,923.0301,930.6,46.53,830838,0.0000,1.0
2017-05-10,931.98,932.0,925.16,928.78,46.439,1170055,0.0000,1.0
2017-05-09,936.95,937.5,929.53,932.17,46.6085,1575628,0.0000,1.0
2017-05-08,926.12,936.925,925.26,934.3,46.715,1319052,0.0000,1.0
2017-05-05,933.54,934.9,925.2,927.13,46.3565,1904731,0.0000,1.0
2017-05-04,926.07,935.93,924.59,931.66,46.583,1405844,0.0000,1.0
2017-05-03,914.86,928.1,912.5426,927.04,46.352,1477329,0.0000,1.0
2017-05-02,909.62,920.77,909.4526,916.44,45.822,1520766,0.0000,1.0
2017-05-01,901.94,915.68,901.45,912.57,45.6285,2100457,0.0000,1.0
2017-04-28,910.66,916.85,905.77,905.96,45.298,3160585,0.0000,1.0
2017-04-27,873.6,875.4,870.38,874.25,43.7125,1734197,0.0000,1.0
2017-04-26,874.23,876.05,867.7481,871.73,43.5865,1188464,0.0000,1.0
2017-04-25,865.0,875.0,862.81,872.3,43.615,1654161,0.0000,1.0
2017-04-24,851.2,863.45,849.86,862.76,43.138,1371581,0.0000,1.0
2017-04-21,842.88,843.88,840.6,843.19,42.1595,1323583,0.0000,1.0
2017-04-20,841.44,845.2,839.32,841.65,42.0825,959031,0.0000,1.0
2017-04-19,839.79,842.22,836.29,838.21,41.9105,954330,0.0000,1.0
2017-04-18,834.22,838.93,832.71,836.82,41.841,836722,0.0000,1.0
2017-04-17,825.01,837.75,824.47,837.17,41.8585,895015,0.0000,1.0
2017-04-13,822.14,826.38,821.44,823.56,41.178,1122362,0.0000,1.0
2017-04-12,821.93,826.66,821.02,824.32,41.216,900480,0.0000,1.0
2017-04-11,824.71,827.4267,817.0201,823.35,41.1675,1079732,0.0000,1.0
2017-04-10,825.39,829.35,823.77,824.73,41.2365,978905,0.0000,1.0
2017-04-07,827.96,828.485,820.5127,824.67,41.2335,1056692,0.0000,1.0
2017-04-06,832.4,836.39,826.46,827.88,41.394,1254433,0.0000,1.0
2017-04-05,835.51,842.45,830.72,831.41,41.5705,1555328,0.0000,1.0
2017-04-04,831.36,835.18,829.0363,834.57,41.7285,1045363,0.0000,1.0
2017-04-03,829.22,840.85,829.22,838.55,41.9275,1671503,0.0000,1.0
2017-03-31,828.97,831.64,827.39,829.56,41.478,1401893,0.0000,1.0
2017-03-30,833.5,833.68,829.0,831.5,41.575,1055339,0.0000,1.0
2017-03-29,825.0,832.765,822.3801,831.41,41.5705,1786321,0.0000,1.0
2017-03-28,820.41,825.99,814.027,820.92,41.046,1620542,0.0000,1.0
2017-03-27,806.95,821.63,803.37,819.51,40.9755,1894990,0.0000,1.0
2017-03-24,820.08,821.93,808.89,814.43,40.7215,1981006,0.0000,1.0
2017-03-23,821.0,822.57,812.257,817.58,40.879,3487056,0.0000,1.0
2017-03-22,831.91,835.55,827.1801,829.59,41.4795,1401465,0.0000,1.0
2017-03-21,851.4,853.5,829.02,830.46,41.523,2463484,0.0000,1.0
2017-03-20,850.01,850.22,845.15,848.4,42.42,1231521,0.0000,1.0
2017-03-17,851.61,853.4,847.11,852.12,42.606,1716471,0.0000,1.0
2017-03-16,849.03,850.85,846.13,848.78,42.439,977560,0.0000,1.0
2017-03-15,847.59,848.63,840.77,847.2,42.36,1381474,0.0000,1.0
2017-03-14,843.64,847.24,840.8,845.62,42.281,780198,0.0000,1.0
2017-03-13,844.0,848.685,843.25,845.54,42.277,1223647,0.0000,1.0
2017-03-10,843.28,844.91,839.5,843.25,42.1625,1704024,0.0000,1.0
2017-03-09,836.0,842.0,834.21,838.68,41.934,1261517,0.0000,1.0
2017-03-08,833.51,838.15,831.79,835.37,41.7685,989773,0.0000,1.0
2017-03-07,827.4,833.41,826.52,831.91,41.5955,1037630,0.0000,1.0
2017-03-06,826.95,828.88,822.4,827.78,41.389,1109037,0.0000,1.0
2017-03-03,830.56,831.36,825.751,829.08,41.454,896378,0.0000,1.0
2017-03-02,833.85,834.51,829.64,830.63,41.5315,942476,0.0000,1.0
2017-03-01,828.85,836.255,827.26,835.24,41.762,1496540,0.0000,1.0
2017-02-28,825.61,828.54,820.2,823.21,41.1605,2260769,0.0000,1.0
2017-02-27,824.55,830.5,824.0,829.28,41.464,1101466,0.0000,1.0
2017-02-24,827.73,829.0,824.2,828.64,41.432,1392202,0.0000,1.0
2017-02-23,830.12,832.46,822.88,831.33,41.5665,1472771,0.0000,1.0
2017-02-22,828.66,833.25,828.64,830.76,41.538,987248,0.0000,1.0
2017-02-21,828.66,833.45,828.35,831.66,41.583,1262337,0.0000,1.0
2017-02-17,823.02,828.07,821.655,828.07,41.4035,1611039,0.0000,1.0
2017-02-16,819.93,824.4,818.98,824.16,41.208,1287626,0.0000,1.0
2017-02-15,819.36,823.0,818.47,818.98,40.949,1313617,0.0000,1.0
2017-02-14,819.0,823.0,816.0,820.45,41.0225,1054732,0.0000,1.0
2017-02-13,816.0,820.959,815.49,819.24,40.962,1213324,0.0000,1.0
2017-02-10,811.7,815.25,809.78,813.67,40.6835,1134976,0.0000,1.0
2017-02-09,809.51,810.66,804.54,809.56,40.478,990391,0.0000,1.0
2017-02-08,807.0,811.84,803.1903,808.38,40.419,1155990,0.0000,1.0
2017-02-07,803.99,810.5,801.78,806.97,40.3485,1241221,0.0000,1.0
2017-02-06,799.7,801.67,795.2501,801.34,40.067,1184483,0.0000,1.0
2017-02-03,802.99,806.0,800.37,801.49,40.0745,1463448,0.0000,1.0
2017-02-02,793.8,802.7,792.0,798.53,39.9265,1532138,0.0000,1.0
2017-02-01,799.68,801.19,791.19,795.695,39.78475,2029744,0.0000,1.0
2017-01-31,796.86,801.25,790.52,796.79,39.8395,2160556,0.0000,1.0
2017-01-30,814.66,815.84,799.8,802.32,40.116,3246573,0.0000,1.0
2017-01-27,834.71,841.95,820.44,823.31,41.1655,2965771,0.0000,1.0
2017-01-26,837.81,838.0,827.01,832.15,41.6075,2973891,0.0000,1.0
2017-01-25,829.62,835.77,825.06,835.67,41.7835,1627304,0.0000,1.0
2017-01-24,822.3,825.9,817.821,823.87,41.1935,1474010,0.0000,1.0
2017-01-23,807.25,820.87,803.74,819.31,40.9655,1963628,0.0000,1.0
2017-01-20,806.91,806.91,801.69,805.02,40.251,1670045,0.0000,1.0
2017-01-19,805.12,809.48,801.8,802.175,40.10875,919325,0.0000,1.0
2017-01-18,805.81,806.205,800.99,806.07,40.3035,1294407,0.0000,1.0
2017-01-17,807.08,807.14,800.37,804.61,40.2305,1362115,0.0000,1.0
2017-01-13,807.48,811.2244,806.69,807.88,40.394,1099215,0.0000,1.0
2017-01-12,807.14,807.39,799.17,806.36,40.318,1353057,0.0000,1.0
2017-01-11,805.0,808.15,801.37,807.91,40.3955,1065936,0.0000,1.0
2017-01-10,807.86,809.1299,803.51,804.79,40.2395,1176780,0.0000,1.0
2017-01-09,806.4,809.9664,802.83,806.65,40.3325,1274645,0.0000,1.0
2017-01-06,795.26,807.9,792.2041,806.15,40.3075,1640170,0.0000,1.0
2017-01-05,786.08,794.48,785.02,794.02,39.701,1335167,0.0000,1.0
2017-01-04,788.36,791.34,783.16,786.9,39.345,1072958,0.0000,1.0
2017-01-03,778.81,789.63,775.8,786.14,39.307,1657268,0.0000,1.0
2016-12-30,782.75,782.78,770.41,771.82,38.591,1769950,0.0000,1.0
2016-12-29,783.33,785.93,778.92,782.79,39.1395,744272,0.0000,1.0
2016-12-28,793.7,794.23,783.2,785.05,39.2525,1153824,0.0000,1.0
2016-12-27,790.68,797.86,787.657,791.55,39.5775,789321,0.0000,1.0
2016-12-23,790.9,792.74,787.28,789.91,39.4955,623944,0.0000,1.0
2016-12-22,792.36,793.32,788.58,791.26,39.563,972169,0.0000,1.0
2016-12-21,795.84,796.6757,787.1,794.56,39.728,1211346,0.0000,1.0
2016-12-20,796.76,798.65,793.27,796.42,39.821,951014,0.0000,1.0
2016-12-19,790.22,797.66,786.27,794.2,39.71,1232087,0.0000,1.0
2016-12-16,800.4,800.8558,790.29,790.8,39.54,2443796,0.0000,1.0
2016-12-15,797.34,803.0,792.92,797.85,39.8925,1626499,0.0000,1.0
2016-12-14,797.4,804.0,794.01,797.07,39.8535,1704150,0.0000,1.0
2016-12-13,793.9,804.3799,793.34,796.1,39.805,2145209,0.0000,1.0
2016-12-12,785.04,791.25,784.3554,789.27,39.4635,2104117,0.0000,1.0
2016-12-09,780.0,789.43,779.021,789.29,39.4645,1821914,0.0000,1.0
2016-12-08,772.48,778.18,767.23,776.42,38.821,1488059,0.0000,1.0
2016-12-07,761.0,771.36,755.8,771.19,38.5595,1760966,0.0000,1.0
2016-12-06,764.73,768.83,757.34,759.11,37.9555,1690689,0.0000,1.0
2016-12-05,757.71,763.9,752.9,762.52,38.126,1394223,0.0000,1.0
2016-12-02,744.59,754.0,743.1,750.5,37.525,1452484,0.0000,1.0
2016-12-01,757.44,759.85,737.0245,747.92,37.396,3017947,0.0000,1.0
2016-11-30,770.07,772.99,754.83,758.04,37.902,2392890,0.0000,1.0
2016-11-29,771.53,778.5,768.24,770.84,38.542,1616618,0.0000,1.0
2016-11-28,760.0,779.53,759.8,768.24,38.412,2188151,0.0000,1.0
2016-11-25,764.26,765.0,760.52,761.68,38.084,587421,0.0000,1.0
2016-11-23,767.73,768.2825,755.25,760.99,38.0495,1478417,0.0000,1.0
2016-11-22,772.63,776.96,767.0,768.27,38.4135,1593108,0.0000,1.0
2016-11-21,762.61,769.7,760.6,769.2,38.46,1330639,0.0000,1.0
2016-11-18,771.37,775.0,760.0,760.54,38.027,1547145,0.0000,1.0
2016-11-17,766.92,772.7,764.23,771.23,38.5615,1304048,0.0000,1.0
2016-11-16,755.2,766.36,750.51,764.48,38.224,1472594,0.0000,1.0
2016-11-15,746.97,764.4162,746.97,758.49,37.9245,2384001,0.0000,1.0
2016-11-14,755.6,757.85,727.54,736.08,36.804,3654385,0.0000,1.0
2016-11-11,756.54,760.78,750.38,754.02,37.701,2431815,0.0000,1.0
2016-11-10,791.17,791.17,752.18,762.56,38.128,4745183,0.0000,1.0
2016-11-09,779.94,791.2265,771.67,785.31,39.2655,2607121,0.0000,1.0
2016-11-08,783.4,795.633,780.19,790.51,39.5255,1366873,0.0000,1.0
2016-11-07,774.5,785.19,772.55,782.52,39.126,1585070,0.0000,1.0
2016-11-04,750.66,770.36,750.5611,762.02,38.101,2134812,0.0000,1.0
2016-11-03,767.25,769.95,759.03,762.13,38.1065,1943175,0.0000,1.0
2016-11-02,778.2,781.65,763.4496,768.7,38.435,1918414,0.0000,1.0
2016-11-01,782.89,789.49,775.54,783.61,39.1805,2406356,0.0000,1.0
2016-10-31,795.47,796.86,784.0,784.54,39.227,2427284,0.0000,1.0
2016-10-28,808.35,815.49,793.59,795.37,39.7685,4269902,0.0000,1.0
2016-10-27,801.0,803.49,791.5,795.35,39.7675,2749221,0.0000,1.0
2016-10-26,806.34,806.98,796.32,799.07,39.9535,1647733,0.0000,1.0
2016-10-25,816.68,816.68,805.14,807.67,40.3835,1576404,0.0000,1.0
2016-10-24,804.9,815.18,804.82,813.11,40.6555,1697514,0.0000,1.0
2016-10-21,795.0,799.5,794.0,799.37,39.9685,1266181,0.0000,1.0
2016-10-20,803.3,803.97,796.03,796.97,39.8485,1757528,0.0000,1.0
2016-10-19,798.86,804.63,797.635,801.56,40.078,1766798,0.0000,1.0
2016-10-18,787.85,801.61,785.565,795.26,39.763,2056903,0.0000,1.0
2016-10-17,779.8,785.85,777.5,779.96,38.998,1092973,0.0000,1.0
2016-10-14,781.65,783.95,776.0,778.53,38.9265,852487,0.0000,1.0
2016-10-13,781.22,781.22,773.0,778.19,38.9095,1365277,0.0000,1.0
2016-10-12,783.76,788.13,782.06,786.14,39.307,937435,0.0000,1.0
2016-10-11,786.66,792.28,780.58,783.07,39.1535,1372461,0.0000,1.0
2016-10-10,777.71,789.38,775.87,785.94,39.297,1174923,0.0000,1.0
2016-10-07,779.66,779.66,770.75,775.08,38.754,933158,0.0000,1.0
2016-10-06,779.0,780.48,775.54,776.86,38.843,1070692,0.0000,1.0
2016-10-05,779.31,782.07,775.65,776.47,38.8235,1461151,0.0000,1.0
2016-10-04,776.03,778.71,772.89,776.43,38.8215,1201350,0.0000,1.0
2016-10-03,774.25,776.065,769.5,772.56,38.628,1278821,0.0000,1.0
2016-09-30,776.33,780.94,774.09,777.29,38.8645,1585333,0.0000,1.0
2016-09-29,781.44,785.8,774.232,775.01,38.7505,1314746,0.0000,1.0
2016-09-28,777.85,781.81,774.97,781.56,39.078,1109834,0.0000,1.0
2016-09-27,775.5,785.9899,774.308,783.01,39.1505,1153247,0.0000,1.0
2016-09-26,782.74,782.74,773.07,774.21,38.7105,1533206,0.0000,1.0
2016-09-23,786.59,788.93,784.15,786.9,39.345,1411937,0.0000,1.0
2016-09-22,780.0,789.85,778.44,787.21,39.3605,1486223,0.0000,1.0
2016-09-21,772.66,777.16,768.301,776.22,38.811,1167810,0.0000,1.0
2016-09-20,769.0,773.33,768.53,771.41,38.5705,978631,0.0000,1.0
2016-09-19,772.42,774.0,764.4406,765.7,38.285,1172824,0.0000,1.0
2016-09-16,769.75,769.75,764.66,768.88,38.444,2049338,0.0000,1.0
2016-09-15,762.89,773.8,759.96,771.76,38.588,1346751,0.0000,1.0
2016-09-14,759.61,767.68,759.11,762.49,38.1245,1094490,0.0000,1.0
2016-09-13,764.48,766.2195,755.8,759.69,37.9845,1395046,0.0000,1.0
2016-09-12,755.13,770.29,754.0001,769.02,38.451,1310986,0.0000,1.0
2016-09-09,770.1,773.245,759.66,759.66,37.983,1885496,0.0000,1.0
2016-09-08,778.59,780.35,773.58,775.32,38.766,1270264,0.0000,1.0
2016-09-07,780.0,782.73,776.2,780.35,39.0175,894021,0.0000,1.0
2016-09-06,773.45,782.0,771.0,780.08,39.004,1442822,0.0000,1.0
2016-09-02,773.01,773.9199,768.41,771.46,38.573,1072658,0.0000,1.0
2016-09-01,769.25,771.02,764.3,768.78,38.439,925131,0.0000,1.0
2016-08-31,767.01,769.09,765.38,767.05,38.3525,1248556,0.0000,1.0
2016-08-30,769.33,774.466,766.84,769.09,38.4545,1130029,0.0000,1.0
2016-08-29,768.74,774.99,766.615,772.15,38.6075,847565,0.0000,1.0
2016-08-26,769.0,776.0799,765.85,769.54,38.477,1166681,0.0000,1.0
2016-08-25,767.0,771.89,763.1846,769.41,38.4705,926883,0.0000,1.0
2016-08-24,770.58,774.5,767.07,769.64,38.482,1071999,0.0000,1.0
2016-08-23,775.48,776.44,771.785,772.08,38.604,928232,0.0000,1.0
2016-08-22,773.27,774.54,770.0502,772.15,38.6075,951362,0.0000,1.0
2016-08-19,775.0,777.1,773.13,775.42,38.771,861546,0.0000,1.0
2016-08-18,780.01,782.86,777.0,777.5,38.875,719429,0.0000,1.0
2016-08-17,777.32,780.81,773.53,779.91,38.9955,924226,0.0000,1.0
2016-08-16,780.3,780.98,773.444,777.14,38.857,1028047,0.0000,1.0
2016-08-15,783.75,787.49,780.11,782.44,39.122,938186,0.0000,1.0
2016-08-12,781.5,783.395,780.4,783.22,39.161,740498,0.0000,1.0
2016-08-11,785.0,789.75,782.97,784.85,39.2425,975113,0.0000,1.0
2016-08-10,783.75,786.8123,782.778,784.68,39.234,786363,0.0000,1.0
2016-08-09,781.1,788.94,780.57,784.26,39.213,1318894,0.0000,1.0
2016-08-08,782.0,782.63,778.091,781.76,39.088,1107857,0.0000,1.0
2016-08-05,773.78,783.04,772.34,782.22,39.111,1801205,0.0000,1.0
2016-08-04,772.22,774.07,768.795,771.61,38.5805,1140254,0.0000,1.0
2016-08-03,767.18,773.21,766.82,773.18,38.659,1287421,0.0000,1.0
2016-08-02,768.69,775.84,767.85,771.07,38.5535,1784525,0.0000,1.0
2016-08-01,761.09,780.43,761.09,772.88,38.644,2700470,0.0000,1.0
2016-07-29,772.71,778.55,766.77,768.79,38.4395,3841482,0.0000,1.0
2016-07-28,747.04,748.65,739.3,745.91,37.2955,3530169,0.0000,1.0
2016-07-27,738.28,744.46,737.0,741.77,37.0885,1512517,0.0000,1.0
2016-07-26,739.04,741.69,734.27,738.42,36.921,1186738,0.0000,1.0
2016-07-25,740.67,742.61,737.5,739.77,36.9885,1032432,0.0000,1.0
2016-07-22,741.86,743.24,736.56,742.74,37.137,1259823,0.0000,1.0
2016-07-21,740.36,741.69,735.831,738.63,36.9315,1026306,0.0000,1.0
2016-07-20,737.33,742.13,737.1,741.19,37.0595,1289671,0.0000,1.0
2016-07-19,729.89,736.99,729.0,736.96,36.848,1227486,0.0000,1.0
2016-07-18,722.71,736.13,721.19,733.78,36.689,1295476,0.0000,1.0
2016-07-15,725.73,725.74,719.055,719.85,35.9925,1279339,0.0000,1.0
2016-07-14,721.58,722.21,718.03,720.95,36.0475,950193,0.0000,1.0
2016-07-13,723.62,724.0,716.85,716.98,35.849,935876,0.0000,1.0
2016-07-12,719.12,722.94,715.91,720.64,36.032,1336921,0.0000,1.0
2016-07-11,708.05,716.51,707.24,715.09,35.7545,1111762,0.0000,1.0
2016-07-08,699.5,705.71,696.435,705.63,35.2815,1575166,0.0000,1.0
2016-07-07,698.08,698.2,688.215,695.36,34.768,1304200,0.0000,1.0
2016-07-06,689.98,701.68,689.09,697.77,34.8885,1411925,0.0000,1.0
2016-07-05,696.06,696.94,688.88,694.49,34.7245,1462616,0.0000,1.0
2016-07-01,692.2,700.65,692.1301,699.21,34.9605,1344710,0.0000,1.0
2016-06-30,685.47,692.32,683.65,692.1,34.605,1597714,0.0000,1.0
2016-06-29,683.0,687.4292,681.41,684.11,34.2055,1932561,0.0000,1.0
2016-06-28,678.97,680.33,673.0,680.04,34.002,2173762,0.0000,1.0
2016-06-27,671.0,672.3,663.284,668.26,33.413,2641085,0.0000,1.0
2016-06-24,675.17,689.4,673.45,675.22,33.761,4449022,0.0000,1.0
2016-06-23,697.45,701.95,687.0,701.87,35.0935,2171415,0.0000,1.0
2016-06-22,699.06,700.86,693.0819,697.46,34.873,1184318,0.0000,1.0
2016-06-21,698.4,702.77,692.01,695.94,34.797,1465634,0.0000,1.0
2016-06-20,698.77,702.48,693.41,693.71,34.6855,2082538,0.0000,1.0
2016-06-17,708.65,708.82,688.4515,691.72,34.586,3402357,0.0000,1.0
2016-06-16,714.91,716.65,703.26,710.36,35.518,1982471,0.0000,1.0
2016-06-15,719.0,722.98,717.31,718.92,35.946,1214517,0.0000,1.0
2016-06-14,716.48,722.47,713.12,718.27,35.9135,1306065,0.0000,1.0
2016-06-13,716.51,725.44,716.51,718.36,35.918,1258930,0.0000,1.0
2016-06-10,719.47,725.89,716.43,719.41,35.9705,1216443,0.0000,1.0
2016-06-09,722.87,729.54,722.3361,728.58,36.429,988914,0.0000,1.0
2016-06-08,723.96,728.57,720.58,728.28,36.414,1583701,0.0000,1.0
2016-06-07,719.84,721.98,716.55,716.65,35.8325,1336754,0.0000,1.0
2016-06-06,724.91,724.91,714.61,716.55,35.8275,1566059,0.0000,1.0
2016-06-03,729.27,729.49,720.56,722.34,36.117,1226253,0.0000,1.0
2016-06-02,732.5,733.02,724.17,730.4,36.52,1341807,0.0000,1.0
2016-06-01,734.53,737.21,730.66,734.15,36.7075,1253593,0.0000,1.0
2016-05-31,731.74,739.73,731.26,735.72,36.786,2129545,0.0000,1.0
2016-05-27,724.01,733.936,724.0,732.66,36.633,1974962,0.0000,1.0
2016-05-26,722.87,728.33,720.28,724.12,36.206,1576286,0.0000,1.0
2016-05-25,720.76,727.51,719.7047,725.27,36.2635,1632564,0.0000,1.0
2016-05-24,706.86,720.97,706.86,720.09,36.0045,1929467,0.0000,1.0
2016-05-23,706.53,711.4781,704.18,704.24,35.212,1330692,0.0000,1.0
2016-05-20,701.62,714.58,700.52,709.74,35.487,1828387,0.0000,1.0
2016-05-19,702.36,706.0,696.8,700.32,35.016,1670234,0.0000,1.0
2016-05-18,703.67,711.6,700.63,706.63,35.3315,1766836,0.0000,1.0
2016-05-17,715.99,721.52,704.11,706.23,35.3115,2001225,0.0000,1.0
2016-05-16,709.13,718.48,705.65,716.49,35.8245,1317069,0.0000,1.0
2016-05-13,711.93,716.6619,709.26,710.83,35.5415,1314499,0.0000,1.0
2016-05-12,717.06,719.25,709.0,713.31,35.6655,1361332,0.0000,1.0
2016-05-11,723.41,724.48,712.8,715.29,35.7645,1692063,0.0000,1.0
2016-05-10,716.75,723.5,715.72,723.18,36.159,1569591,0.0000,1.0
2016-05-09,712.0,718.71,710.0,712.9,35.645,1510289,0.0000,1.0
2016-05-06,698.38,711.86,698.1067,711.12,35.556,1829291,0.0000,1.0
2016-05-05,697.7,702.3199,695.72,701.43,35.0715,1683507,0.0000,1.0
2016-05-04,690.49,699.75,689.01,695.7,34.785,1693525,0.0000,1.0
2016-05-03,696.87,697.84,692.0,692.36,34.618,1543785,0.0000,1.0
2016-05-02,697.63,700.64,691.0,698.21,34.9105,1645265,0.0000,1.0
2016-04-29,690.7,697.62,689.0,693.01,34.6505,2487673,0.0000,1.0
2016-04-28,708.26,714.17,689.55,691.02,34.551,2867255,0.0000,1.0
2016-04-27,707.29,708.98,692.3651,705.84,35.292,3098587,0.0000,1.0
2016-04-26,725.42,725.766,703.0264,708.14,35.407,2744587,0.0000,1.0
2016-04-25,716.1,723.93,715.59,723.15,36.1575,1959179,0.0000,1.0
2016-04-22,726.3,736.12,713.61,718.77,35.9385,5951938,0.0000,1.0
2016-04-21,755.38,760.45,749.55,759.14,37.957,3060490,0.0000,1.0
2016-04-20,758.0,758.1315,750.01,752.67,37.6335,1529217,0.0000,1.0
2016-04-19,769.51,769.9,749.33,753.93,37.6965,2030526,0.0000,1.0
2016-04-18,760.46,768.05,757.3,766.61,38.3305,1558848,0.0000,1.0
2016-04-15,753.98,761.0,752.6938,759.0,37.95,1809332,0.0000,1.0
2016-04-14,754.01,757.31,752.705,753.2,37.66,1135271,0.0000,1.0
2016-04-13,749.16,754.38,744.261,751.72,37.586,1707641,0.0000,1.0
2016-04-12,738.0,743.83,731.01,743.09,37.1545,1352992,0.0000,1.0
2016-04-11,743.02,745.0,736.05,736.1,36.805,1220088,0.0000,1.0
2016-04-08,743.97,745.45,735.55,739.15,36.9575,1290787,0.0000,1.0
2016-04-07,745.37,746.9999,736.28,740.28,37.014,1453185,0.0000,1.0
2016-04-06,735.77,746.24,735.56,745.69,37.2845,1053713,0.0000,1.0
2016-04-05,738.0,742.8,735.37,737.8,36.89,1132294,0.0000,1.0
2016-04-04,750.06,752.8,742.43,745.29,37.2645,1134390,0.0000,1.0
2016-04-01,738.6,750.34,737.0,749.91,37.4955,1576745,0.0000,1.0
2016-03-31,749.25,750.85,740.94,744.95,37.2475,1718798,0.0000,1.0
2016-03-30,750.1,757.88,748.74,750.53,37.5265,1782427,0.0000,1.0
2016-03-29,734.59,747.25,728.76,744.77,37.2385,1903758,0.0000,1.0
2016-03-28,736.79,738.99,732.5,733.53,36.6765,1301327,0.0000,1.0
2016-03-24,732.01,737.747,731.0,735.3,36.765,1594891,0.0000,1.0
2016-03-23,742.36,745.7199,736.15,738.06,36.903,1432099,0.0000,1.0
2016-03-22,737.46,745.0,737.46,740.75,37.0375,1269749,0.0000,1.0
2016-03-21,736.5,742.5,733.5157,742.09,37.1045,1836503,0.0000,1.0
2016-03-18,741.86,742.0,731.83,737.6,36.88,2980709,0.0000,1.0
2016-03-17,736.45,743.07,736.0,737.78,36.889,1860834,0.0000,1.0
2016-03-16,726.37,737.47,724.51,736.09,36.8045,1624370,0.0000,1.0
2016-03-15,726.92,732.29,724.77,728.33,36.4165,1720965,0.0000,1.0
2016-03-14,726.81,735.5,725.15,730.49,36.5245,1718252,0.0000,1.0
2016-03-11,720.0,726.92,717.125,726.82,36.341,1970815,0.0000,1.0
2016-03-10,708.12,716.44,703.36,712.82,35.641,2833525,0.0000,1.0
2016-03-09,698.47,705.68,694.0,705.24,35.262,1421515,0.0000,1.0
2016-03-08,688.59,703.79,685.34,693.97,34.6985,2058471,0.0000,1.0
2016-03-07,706.9,708.0912,686.9,695.16,34.758,2988026,0.0000,1.0
2016-03-04,714.99,716.49,706.02,710.89,35.5445,1972077,0.0000,1.0
2016-03-03,718.68,719.45,706.02,712.42,35.621,1957974,0.0000,1.0
2016-03-02,719.0,720.0,712.0,718.85,35.9425,1629003,0.0000,1.0
2016-03-01,703.62,718.81,699.77,718.81,35.9405,2151419,0.0000,1.0
2016-02-29,700.32,710.89,697.68,697.77,34.8885,2481145,0.0000,1.0
2016-02-26,708.58,713.43,700.86,705.07,35.2535,2243522,0.0000,1.0
2016-02-25,700.01,705.98,690.585,705.75,35.2875,1642166,0.0000,1.0
2016-02-24,688.92,700.0,680.78,699.56,34.978,1963573,0.0000,1.0
2016-02-23,701.45,708.4,693.58,695.85,34.7925,2009280,0.0000,1.0
2016-02-22,707.45,713.24,702.51,706.46,35.323,1949816,0.0000,1.0
2016-02-19,695.03,703.0805,694.05,700.91,35.0455,1589281,0.0000,1.0
2016-02-18,710.0,712.35,696.03,697.35,34.8675,1883248,0.0000,1.0
2016-02-17,699.0,709.75,691.38,708.4,35.42,2492634,0.0000,1.0
2016-02-16,692.98,698.0,685.05,691.0,34.55,2520021,0.0000,1.0
2016-02-12,690.26,693.75,678.6,682.4,34.12,2141373,0.0000,1.0
2016-02-11,675.0,689.35,668.8675,683.11,34.1555,3024043,0.0000,1.0
2016-02-10,686.86,701.31,682.13,684.12,34.206,2638007,0.0000,1.0
2016-02-09,672.32,699.9,668.77,678.11,33.9055,3608914,0.0000,1.0
2016-02-08,667.85,684.03,663.06,682.74,34.137,4247355,0.0000,1.0
2016-02-05,703.87,703.99,680.15,683.57,34.1785,5105725,0.0000,1.0
2016-02-04,722.81,727.0,701.86,708.01,35.4005,5168709,0.0000,1.0
2016-02-03,770.22,774.5,720.5,726.95,36.3475,6171019,0.0000,1.0
2016-02-02,784.5,789.8699,764.65,764.65,38.2325,6348126,0.0000,1.0
2016-02-01,750.46,757.86,743.27,752.0,37.6,5139157,0.0000,1.0
2016-01-29,731.53,744.9899,726.8,742.95,37.1475,3474319,0.0000,1.0
2016-01-28,722.22,733.69,712.35,730.96,36.548,2676397,0.0000,1.0
2016-01-27,713.67,718.235,694.39,699.99,34.9995,2194227,0.0000,1.0
2016-01-26,713.85,718.28,706.48,713.04,35.652,1331691,0.0000,1.0
2016-01-25,723.58,729.68,710.01,711.67,35.5835,1711716,0.0000,1.0
2016-01-22,723.6,728.13,720.121,725.25,36.2625,2011797,0.0000,1.0
2016-01-21,702.18,719.19,694.46,706.59,35.3295,2412211,0.0000,1.0
2016-01-20,688.61,706.85,673.26,698.45,34.9225,3444962,0.0000,1.0
2016-01-19,703.3,709.98,693.4101,701.79,35.0895,2268078,0.0000,1.0
2016-01-15,692.29,706.74,685.37,694.45,34.7225,3608109,0.0000,1.0
2016-01-14,705.38,721.925,689.1,714.72,35.736,2225768,0.0000,1.0
2016-01-13,730.85,734.74,698.61,700.56,35.028,2501730,0.0000,1.0
2016-01-12,721.68,728.75,717.3165,726.07,36.3035,2024509,0.0000,1.0
2016-01-11,716.61,718.855,703.54,716.03,35.8015,2090621,0.0000,1.0
2016-01-08,731.45,733.23,713.0,714.47,35.7235,2450857,0.0000,1.0
2016-01-07,730.31,738.5,719.06,726.39,36.3195,2963741,0.0000,1.0
2016-01-06,730.0,747.18,728.92,743.62,37.181,1947034,0.0000,1.0
2016-01-05,746.45,752.0,738.64,742.58,37.129,1950691,0.0000,1.0
2016-01-04,743.0,744.06,731.2577,741.84,37.092,3272776,0.0000,1.0
2015-12-31,769.5,769.5,758.34,758.88,37.944,1500923,0.0000,1.0
2015-12-30,776.6,777.6,766.9,771.0,38.55,1293521,0.0000,1.0
2015-12-29,766.69,779.98,766.43,776.6,38.83,1765012,0.0000,1.0
2015-12-28,752.92,762.99,749.52,762.51,38.1255,1515716,0.0000,1.0
2015-12-24,749.55,751.35,746.62,748.4,37.42,527223,0.0000,1.0
2015-12-23,753.47,754.21,744.0,750.31,37.5155,1566726,0.0000,1.0
2015-12-22,751.65,754.85,745.53,750.0,37.5,1365520,0.0000,1.0
2015-12-21,746.13,750.0,740.0,747.77,37.3885,1525703,0.0000,1.0
2015-12-18,746.51,754.13,738.15,739.31,36.9655,3148743,0.0000,1.0
2015-12-17,762.42,762.68,749.0,749.43,37.4715,1553418,0.0000,1.0
2015-12-16,750.0,760.59,739.435,758.09,37.9045,1993251,0.0000,1.0
2015-12-15,753.0,758.08,743.01,743.4,37.17,2666229,0.0000,1.0
2015-12-14,741.79,748.73,724.17,747.77,37.3885,2421236,0.0000,1.0
2015-12-11,741.16,745.71,736.75,738.87,36.9435,2224410,0.0000,1.0
2015-12-10,752.85,755.85,743.83,749.46,37.473,1988380,0.0000,1.0
2015-12-09,759.17,764.23,737.001,751.61,37.5805,2699990,0.0000,1.0
2015-12-08,757.89,764.8,754.2,762.37,38.1185,1829475,0.0000,1.0
2015-12-07,767.77,768.73,755.09,763.25,38.1625,1812314,0.0000,1.0
2015-12-04,753.1,768.49,750.0,766.81,38.3405,2757283,0.0000,1.0
2015-12-03,766.01,768.995,745.63,752.54,37.627,2590641,0.0000,1.0
2015-12-02,768.9,775.955,758.96,762.38,38.119,2230373,0.0000,1.0
2015-12-01,747.11,768.95,746.7,767.04,38.352,2134621,0.0000,1.0
2015-11-30,748.81,754.93,741.27,742.6,37.13,2097624,0.0000,1.0
2015-11-27,748.46,753.41,747.49,750.26,37.513,838528,0.0000,1.0
2015-11-25,748.14,752.0,746.06,748.15,37.4075,1122224,0.0000,1.0
2015-11-24,752.0,755.279,737.63,748.28,37.414,2334197,0.0000,1.0
2015-11-23,757.45,762.7075,751.82,755.98,37.799,1415385,0.0000,1.0
2015-11-20,746.53,757.92,743.0,756.6,37.83,2213284,0.0000,1.0
2015-11-19,738.74,742.0,737.43,738.41,36.9205,1327879,0.0000,1.0
2015-11-18,727.58,741.41,727.0,740.0,37.0,1684259,0.0000,1.0
2015-11-17,729.29,731.845,723.027,725.3,36.265,1506733,0.0000,1.0
2015-11-16,715.6,729.49,711.33,728.96,36.448,1905893,0.0000,1.0
2015-11-13,729.17,731.15,716.73,717.0,35.85,2075504,0.0000,1.0
2015-11-12,731.0,737.8,728.645,731.23,36.5615,1837154,0.0000,1.0
2015-11-11,732.46,741.0,730.23,735.4,36.77,1366995,0.0000,1.0
2015-11-10,724.4,730.59,718.5001,728.32,36.416,1607994,0.0000,1.0
2015-11-09,730.2,734.71,719.43,724.89,36.2445,2069807,0.0000,1.0
2015-11-06,731.5,735.41,727.01,733.76,36.688,1511599,0.0000,1.0
2015-11-05,729.47,739.48,729.47,731.25,36.5625,1861550,0.0000,1.0
2015-11-04,722.0,733.1,721.9,728.11,36.4055,1706700,0.0000,1.0
2015-11-03,718.86,724.65,714.72,722.16,36.108,1565379,0.0000,1.0
2015-11-02,711.06,721.62,705.85,721.11,36.0555,1886250,0.0000,1.0
2015-10-30,715.73,718.0,710.05,710.81,35.5405,1908774,0.0000,1.0
2015-10-29,710.5,718.26,710.01,716.92,35.846,1455965,0.0000,1.0
2015-10-28,707.33,712.98,703.08,712.95,35.6475,2178917,0.0000,1.0
2015-10-27,707.38,713.62,704.55,708.49,35.4245,2245796,0.0000,1.0
2015-10-26,701.55,719.15,701.26,712.78,35.639,2716615,0.0000,1.0
2015-10-23,727.5,730.0,701.5,702.0,35.1,6653923,0.0000,1.0
2015-10-22,646.7,657.8,644.01,651.79,32.5895,4070954,0.0000,1.0
2015-10-21,654.15,655.87,641.73,642.61,32.1305,1794172,0.0000,1.0
2015-10-20,664.04,664.7197,644.195,650.28,32.514,2498215,0.0000,1.0
2015-10-19,661.18,666.82,659.58,666.1,33.305,1477340,0.0000,1.0
2015-10-16,664.11,664.97,657.2,662.2,33.11,1611128,0.0000,1.0
2015-10-15,654.66,663.13,654.46,661.74,33.087,1885737,0.0000,1.0
2015-10-14,653.21,659.39,648.85,651.16,32.558,1415468,0.0000,1.0
2015-10-13,643.15,657.8125,643.15,652.3,32.615,1807685,0.0000,1.0
2015-10-12,642.09,648.5,639.01,646.67,32.3335,1276134,0.0000,1.0
2015-10-09,640.0,645.99,635.318,643.61,32.1805,1648736,0.0000,1.0
2015-10-08,641.36,644.45,625.56,639.16,31.958,2182081,0.0000,1.0
2015-10-07,649.24,650.609,632.15,642.36,32.118,2092714,0.0000,1.0
2015-10-06,638.84,649.25,636.5295,645.44,32.272,2236847,0.0000,1.0
2015-10-05,632.0,643.01,627.0,641.47,32.0735,1803643,0.0000,1.0
2015-10-02,607.2,627.34,603.13,626.91,31.3455,2684805,0.0000,1.0
2015-10-01,608.37,612.09,599.85,611.29,30.5645,1867601,0.0000,1.0
2015-09-30,603.28,608.76,600.73,608.42,30.421,2332087,0.0000,1.0
2015-09-29,597.28,605.0,590.22,594.97,29.7485,2310284,0.0000,1.0
2015-09-28,610.34,614.605,589.38,594.89,29.7445,3110651,0.0000,1.0
2015-09-25,629.77,629.77,611.0,611.97,30.5985,2174009,0.0000,1.0
2015-09-24,616.64,627.32,612.4,625.8,31.29,2240098,0.0000,1.0
2015-09-23,622.05,628.93,620.0,622.36,31.118,1470949,0.0000,1.0
2015-09-22,627.0,627.55,615.43,622.69,31.1345,2562869,0.0000,1.0
2015-09-21,634.4,636.49,625.94,635.44,31.772,1788506,0.0000,1.0
2015-09-18,636.79,640.0,627.02,629.25,31.4625,5133386,0.0000,1.0
2015-09-17,637.79,650.9,635.02,642.9,32.145,2274690,0.0000,1.0
2015-09-16,635.47,637.95,632.32,635.98,31.799,1286454,0.0000,1.0
2015-09-15,626.7,638.7,623.78,635.14,31.757,2084397,0.0000,1.0
2015-09-14,625.7,625.86,619.43,623.24,31.162,1702271,0.0000,1.0
2015-09-11,619.75,625.78,617.42,625.77,31.2885,1373545,0.0000,1.0
2015-09-10,613.1,624.16,611.43,621.35,31.0675,1905276,0.0000,1.0
2015-09-09,621.22,626.52,609.6,612.72,30.636,1702094,0.0000,1.0
2015-09-08,612.49,616.31,604.12,614.66,30.733,2279538,0.0000,1.0
2015-09-04,600.0,603.47,595.25,600.7,30.035,2089453,0.0000,1.0
2015-09-03,617.0,619.71,602.8213,606.25,30.3125,1759572,0.0000,1.0
2015-09-02,605.68,614.34,599.71,614.34,30.717,2575620,0.0000,1.0
2015-09-01,602.36,612.86,594.1,597.79,29.8895,3702105,0.0000,1.0
2015-08-31,627.54,635.8,617.68,618.25,30.9125,2176737,0.0000,1.0
2015-08-28,632.82,636.88,624.56,630.38,31.519,1978733,0.0000,1.0
2015-08-27,639.4,643.59,622.0,637.61,31.8805,3491336,0.0000,1.0
2015-08-26,610.35,631.71,599.05,628.62,31.431,4235891,0.0000,1.0
2015-08-25,614.91,617.45,581.11,582.06,29.103,3537966,0.0000,1.0
2015-08-24,573.0,614.0,565.05,589.61,29.4805,5770302,0.0000,1.0
2015-08-21,639.78,640.05,612.33,612.48,30.624,4265183,0.0000,1.0
2015-08-20,655.46,662.99,642.9,646.83,32.3415,2855299,0.0000,1.0
2015-08-19,656.6,667.0,654.19,660.9,33.045,2134098,0.0000,1.0
2015-08-18,661.9,664.0,653.46,656.13,32.8065,1456059,0.0000,1.0
2015-08-17,656.8,661.38,651.24,660.87,33.0435,1051699,0.0000,1.0
2015-08-14,655.01,659.855,652.66,657.12,32.856,1072061,0.0000,1.0
2015-08-13,659.3225,664.5,651.661,656.45,32.8225,1810749,0.0000,1.0
2015-08-12,663.08,665.0,652.29,659.56,32.978,2940803,0.0000,1.0
2015-08-11,669.2,674.9,654.27,660.78,33.039,5029203,0.0000,1.0
2015-08-10,639.48,643.44,631.249,633.73,31.6865,1809205,0.0000,1.0
2015-08-07,640.23,642.68,629.71,635.3,31.765,1403865,0.0000,1.0
2015-08-06,645.0,645.379,632.25,642.68,32.134,1572600,0.0000,1.0
2015-08-05,634.33,647.86,633.16,643.78,32.189,2008659,0.0000,1.0
2015-08-04,628.42,634.81,627.16,629.25,31.4625,1490881,0.0000,1.0
2015-08-03,625.34,633.0556,625.34,631.21,31.5605,1304511,0.0000,1.0
2015-07-31,631.38,632.91,625.5,625.61,31.2805,1706149,0.0000,1.0
2015-07-30,630.0,635.22,622.05,632.59,31.6295,1474203,0.0000,1.0
2015-07-29,628.8,633.36,622.65,631.93,31.5965,1575069,0.0000,1.0
2015-07-28,632.83,632.83,623.31,628.0,31.4,1727327,0.0000,1.0
2015-07-27,621.0,634.3,620.5,627.26,31.363,2675381,0.0000,1.0
2015-07-24,647.0,648.17,622.52,623.56,31.178,3625747,0.0000,1.0
2015-07-23,661.27,663.63,641.0,644.28,32.214,3029109,0.0000,1.0
2015-07-22,660.89,678.64,659.0,662.1,33.105,3929309,0.0000,1.0
2015-07-21,655.21,673.0,654.3,662.3,33.115,3377196,0.0000,1.0
2015-07-20,659.24,668.88,653.01,663.02,33.151,5860872,0.0000,1.0
2015-07-17,649.0,674.468,645.0,672.93,33.6465,11164943,0.0000,1.0
2015-07-16,565.12,580.68,565.0,579.85,28.9925,4768318,0.0000,1.0
2015-07-15,560.13,566.5029,556.79,560.22,28.011,1784554,0.0000,1.0
2015-07-14,546.76,565.8487,546.71,561.1,28.055,3244066,0.0000,1.0
2015-07-13,532.88,547.11,532.4001,546.55,27.3275,2206475,0.0000,1.0
2015-07-10,526.29,532.56,525.55,530.13,26.5065,1956682,0.0000,1.0
2015-07-09,523.12,523.77,520.35,520.68,26.034,1842347,0.0000,1.0
2015-07-08,521.05,522.734,516.11,516.83,25.8415,1296699,0.0000,1.0
2015-07-07,523.13,526.18,515.18,525.02,26.251,1597229,0.0000,1.0
2015-07-06,519.5,525.25,519.0,522.86,26.143,1280525,0.0000,1.0
2015-07-02,521.08,524.65,521.08,523.4,26.17,1235903,0.0000,1.0
2015-07-01,524.73,525.69,518.2305,521.84,26.092,1961354,0.0000,1.0
2015-06-30,526.02,526.25,520.5,520.51,26.0255,2235595,0.0000,1.0
2015-06-29,525.01,528.61,520.54,521.52,26.076,1937821,0.0000,1.0
2015-06-26,537.26,537.76,531.35,531.69,26.5845,2109130,0.0000,1.0
2015-06-25,538.87,540.9,535.23,535.23,26.7615,1335697,0.0000,1.0
2015-06-24,540.0,540.0,535.66,537.84,26.892,1286608,0.0000,1.0
2015-06-23,539.64,541.499,535.25,540.48,27.024,1197450,0.0000,1.0
2015-06-22,539.59,543.74,537.53,538.19,26.9095,1250282,0.0000,1.0
2015-06-19,537.21,538.25,533.01,536.69,26.8345,1893497,0.0000,1.0
2015-06-18,531.0,538.15,530.79,536.73,26.8365,1833109,0.0000,1.0
2015-06-17,529.37,530.98,525.1,529.26,26.463,1294216,0.0000,1.0
2015-06-16,528.4,529.6399,525.56,528.15,26.4075,1071814,0.0000,1.0
2015-06-15,528.0,528.3,524.0,527.2,26.36,1632702,0.0000,1.0
2015-06-12,531.6,533.12,530.16,532.33,26.6165,955789,0.0000,1.0
2015-06-11,538.425,538.98,533.02,534.61,26.7305,1217536,0.0000,1.0
2015-06-10,529.36,538.36,529.35,536.69,26.8345,1814958,0.0000,1.0
2015-06-09,527.56,529.2,523.01,526.69,26.3345,1455266,0.0000,1.0
2015-06-08,533.31,534.12,526.24,526.83,26.3415,1524139,0.0000,1.0
2015-06-05,536.35,537.2,532.52,533.33,26.6665,1388220,0.0000,1.0
2015-06-04,537.76,540.59,534.32,536.7,26.835,1348337,0.0000,1.0
2015-06-03,539.91,543.5,537.11,540.31,27.0155,1717036,0.0000,1.0
2015-06-02,532.93,543.0,531.33,539.18,26.959,1938989,0.0000,1.0
2015-06-01,536.79,536.79,529.76,533.99,26.6995,1904332,0.0000,1.0
2015-05-29,537.37,538.63,531.45,532.11,26.6055,2597407,0.0000,1.0
2015-05-28,538.01,540.61,536.25,539.78,26.989,1029849,0.0000,1.0
2015-05-27,532.8,540.55,531.71,539.79,26.9895,1525019,0.0000,1.0
2015-05-26,538.12,539.0,529.88,532.32,26.616,2406512,0.0000,1.0
2015-05-22,540.15,544.19,539.51,540.11,27.0055,1176214,0.0000,1.0
2015-05-21,537.95,543.8399,535.98,542.51,27.1255,1462695,0.0000,1.0
2015-05-20,538.49,542.92,532.972,539.27,26.9635,1430826,0.0000,1.0
2015-05-19,533.98,540.66,533.04,537.36,26.868,1966947,0.0000,1.0
2015-05-18,532.01,534.82,528.85,532.3,26.615,2003421,0.0000,1.0
2015-05-15,539.18,539.2743,530.38,533.85,26.6925,1971343,0.0000,1.0
2015-05-14,533.77,539.0,532.41,538.4,26.92,1403935,0.0000,1.0
2015-05-13,530.56,534.3215,528.655,529.62,26.481,1253063,0.0000,1.0
2015-05-12,531.6,533.2089,525.26,529.04,26.452,1634174,0.0000,1.0
2015-05-11,538.37,541.98,535.4,535.7,26.785,905285,0.0000,1.0
2015-05-08,536.65,541.15,536.0,538.22,26.911,1527615,0.0000,1.0
2015-05-07,523.99,533.46,521.75,530.7,26.535,1546278,0.0000,1.0
2015-05-06,531.24,532.38,521.085,524.22,26.211,1566987,0.0000,1.0
2015-05-05,538.21,539.74,530.3906,530.8,26.54,1383068,0.0000,1.0
2015-05-04,538.53,544.07,535.06,540.78,27.039,1307960,0.0000,1.0
2015-05-01,538.43,539.54,532.1,537.9,26.895,1768181,0.0000,1.0
2015-04-30,547.87,548.59,535.05,537.34,26.867,2082214,0.0000,1.0
2015-04-29,550.47,553.68,546.905,549.08,27.454,1698761,0.0000,1.0
2015-04-28,554.64,556.02,550.366,553.68,27.684,1490983,0.0000,1.0
2015-04-27,563.39,565.95,553.2001,555.37,27.7685,2398039,0.0000,1.0
2015-04-24,566.1,571.14,557.25,565.06,28.253,4919031,0.0000,1.0
2015-04-23,541.0,550.96,540.23,547.0,27.35,4173376,0.0000,1.0
2015-04-22,534.4,541.08,531.75,539.365,26.96825,1589248,0.0000,1.0
2015-04-21,537.51,539.39,533.675,533.97,26.6985,1839668,0.0000,1.0
2015-04-20,525.6,536.09,524.5,535.38,26.769,1675487,0.0000,1.0
2015-04-17,528.66,529.84,521.01,524.05,26.2025,2145955,0.0000,1.0
2015-04-16,529.9,535.59,529.61,533.8,26.69,1296304,0.0000,1.0
2015-04-15,528.7,534.73,523.22,532.53,26.6265,2312512,0.0000,1.0
2015-04-14,536.25,537.5699,528.0925,530.39,26.5195,2597043,0.0000,1.0
2015-04-13,538.41,544.06,537.31,539.17,26.9585,1640809,0.0000,1.0
2015-04-10,542.29,542.29,537.31,540.01,27.0005,1405574,0.0000,1.0
2015-04-09,541.03,541.95,535.49,540.78,27.039,1553586,0.0000,1.0
2015-04-08,538.38,543.85,538.38,541.61,27.0805,1175332,0.0000,1.0
2015-04-07,538.08,542.69,536.0,537.02,26.851,1299298,0.0000,1.0
2015-04-06,532.22,538.41,529.57,536.765,26.83825,1320767,0.0000,1.0
2015-04-02,540.85,540.85,533.8467,535.53,26.7765,1711737,0.0000,1.0
2015-04-01,548.6,551.14,539.5,542.56,27.128,1957718,0.0000,1.0
2015-03-31,550.0,554.71,546.72,548.0,27.4,1583677,0.0000,1.0
2015-03-30,551.62,553.47,548.17,552.03,27.6015,1283958,0.0000,1.0
2015-03-27,553.0,555.28,548.13,548.34,27.417,1892323,0.0000,1.0
2015-03-26,557.59,558.9,550.65,555.17,27.7585,1568331,0.0000,1.0
2015-03-25,570.5,572.26,558.74,558.785,27.93925,2146384,0.0000,1.0
2015-03-24,562.56,574.59,561.21,570.19,28.5095,2576234,0.0000,1.0
2015-03-23,560.43,562.36,555.83,558.81,27.9405,1639306,0.0000,1.0
2015-03-20,561.65,561.72,559.05,560.36,28.018,2609690,0.0000,1.0
2015-03-19,559.39,560.8,556.145,557.99,27.8995,1194049,0.0000,1.0
2015-03-18,552.5,559.78,547.0001,559.5,27.975,2128714,0.0000,1.0
2015-03-17,551.71,553.8,548.0,550.84,27.542,1800570,0.0000,1.0
2015-03-16,550.95,556.85,546.0,554.51,27.7255,1636493,0.0000,1.0
2015-03-13,553.5,558.4,544.22,547.32,27.366,1698872,0.0000,1.0
2015-03-12,553.51,556.37,550.46,555.51,27.7755,1385772,0.0000,1.0
2015-03-11,555.14,558.14,550.68,551.18,27.559,1815763,0.0000,1.0
2015-03-10,564.25,564.85,554.73,555.01,27.7505,1787357,0.0000,1.0
2015-03-09,566.86,570.27,563.535,568.85,28.4425,1059336,0.0000,1.0
2015-03-06,574.88,576.6799,566.76,567.685,28.38425,1654561,0.0000,1.0
2015-03-05,575.02,577.91,573.41,575.33,28.7665,1385818,0.0000,1.0
2015-03-04,571.87,577.11,568.01,573.37,28.6685,1871694,0.0000,1.0
2015-03-03,570.45,575.39,566.52,573.64,28.682,1700084,0.0000,1.0
2015-03-02,560.53,572.15,558.75,571.34,28.567,2123796,0.0000,1.0
2015-02-27,554.24,564.71,552.9,558.4,27.92,2403553,0.0000,1.0
2015-02-26,543.21,556.14,541.5,555.48,27.774,2305219,0.0000,1.0
2015-02-25,535.9,546.22,535.445,543.87,27.1935,1821041,0.0000,1.0
2015-02-24,530.0,536.79,528.25,536.09,26.8045,1002393,0.0000,1.0
2015-02-23,536.05,536.439,529.41,531.91,26.5955,1453907,0.0000,1.0
2015-02-20,543.13,543.75,535.8,538.95,26.9475,1441212,0.0000,1.0
2015-02-19,538.04,543.11,538.01,542.87,27.1435,987478,0.0000,1.0
2015-02-18,541.4,545.49,537.51,539.7,26.985,1449089,0.0000,1.0
2015-02-17,546.83,550.0,541.09,542.84,27.142,1612439,0.0000,1.0
2015-02-13,543.35,549.91,543.13,549.01,27.4505,1895126,0.0000,1.0
2015-02-12,537.25,544.82,534.673,542.93,27.1465,1615824,0.0000,1.0
2015-02-11,535.3,538.45,533.3775,535.97,26.7985,1373970,0.0000,1.0
2015-02-10,529.3,537.7,526.92,536.94,26.847,1745076,0.0000,1.0
2015-02-09,528.0,532.0,526.02,527.83,26.3915,1264276,0.0000,1.0
2015-02-06,527.64,537.2,526.41,531.0,26.55,1758650,0.0000,1.0
2015-02-05,523.79,528.5,522.09,527.58,26.379,1844687,0.0000,1.0
2015-02-04,529.24,532.6715,521.27,522.76,26.138,1659125,0.0000,1.0
2015-02-03,528.0,533.4,523.26,529.24,26.462,2033085,0.0000,1.0
2015-02-02,531.73,533.0,518.55,528.48,26.424,2841976,0.0000,1.0
2015-01-30,515.86,539.87,515.52,534.52,26.726,5590977,0.0000,1.0
2015-01-29,511.0,511.09,501.2,510.66,25.533,4174924,0.0000,1.0
2015-01-28,522.78,522.99,510.0,510.0,25.5,1679230,0.0000,1.0
2015-01-27,529.97,530.7,518.19,518.63,25.9315,1898844,0.0000,1.0
2015-01-26,538.53,539.0,529.67,535.21,26.7605,1539524,0.0000,1.0
2015-01-23,535.59,542.17,533.0,539.95,26.9975,2275485,0.0000,1.0
2015-01-22,521.48,536.33,519.7,534.39,26.7195,2669558,0.0000,1.0
2015-01-21,507.25,519.28,506.2,518.04,25.902,2262455,0.0000,1.0
2015-01-20,511.0,512.5,506.016,506.9,25.345,2225922,0.0000,1.0
2015-01-16,500.01,508.19,500.0,508.08,25.404,2292043,0.0000,1.0
2015-01-15,505.57,505.68,497.76,501.79,25.0895,2711355,0.0000,1.0
2015-01-14,494.65,503.23,493.0,500.87,25.0435,2229638,0.0000,1.0
2015-01-13,498.84,502.98,492.39,496.18,24.809,2365687,0.0000,1.0
2015-01-12,494.94,495.976,487.56,492.55,24.6275,2320446,0.0000,1.0
2015-01-09,504.76,504.92,494.79,496.17,24.8085,2054956,0.0000,1.0
2015-01-08,497.99,503.48,491.0,502.68,25.134,3344395,0.0000,1.0
2015-01-07,507.0,507.244,499.65,501.1,25.055,2059366,0.0000,1.0
2015-01-06,515.0,516.175,501.05,501.96,25.098,2891950,0.0000,1.0
2015-01-05,523.26,524.33,513.06,513.87,25.6935,2054238,0.0000,1.0
2015-01-02,529.01,531.27,524.1,524.81,26.2405,1446662,0.0000,1.0
2014-12-31,531.25,532.6,525.8,526.4,26.32,1371819,0.0000,1.0
2014-12-30,528.09,531.15,527.13,530.42,26.521,873923,0.0000,1.0
2014-12-29,532.19,535.48,530.011,530.33,26.5165,2276104,0.0000,1.0
2014-12-26,528.77,534.25,527.31,534.03,26.7015,1037727,0.0000,1.0
2014-12-24,530.51,531.759,527.02,528.77,26.4385,704035,0.0000,1.0
2014-12-23,527.0,534.56,526.29,530.59,26.5295,2191567,0.0000,1.0
2014-12-22,516.08,526.46,516.08,524.87,26.2435,2723599,0.0000,1.0
2014-12-19,511.51,517.72,506.9106,516.35,25.8175,3680148,0.0000,1.0
2014-12-18,512.95,513.87,504.7,511.1,25.555,2918730,0.0000,1.0
2014-12-17,497.0,507.0,496.81,504.89,25.2445,2875281,0.0000,1.0
2014-12-16,511.56,513.05,489.0,495.39,24.7695,3953371,0.0000,1.0
2014-12-15,522.74,523.1,513.27,513.8,25.69,2812786,0.0000,1.0
2014-12-12,523.51,528.5,518.66,518.66,25.933,1989117,0.0000,1.0
2014-12-11,527.8,533.92,527.1,528.34,26.417,1610964,0.0000,1.0
2014-12-10,533.08,536.33,525.56,526.06,26.303,1716835,0.0000,1.0
2014-12-09,522.14,534.19,520.5,533.37,26.6685,1871268,0.0000,1.0
2014-12-08,527.13,531.0,523.79,526.98,26.349,2327127,0.0000,1.0
2014-12-05,531.0,532.89,524.28,525.26,26.263,2558649,0.0000,1.0
2014-12-04,531.16,537.34,528.59,537.31,26.8655,1392208,0.0000,1.0
2014-12-03,531.44,535.996,529.26,531.32,26.566,1279288,0.0000,1.0
2014-12-02,533.51,535.5,529.8,533.75,26.6875,1522481,0.0000,1.0
2014-12-01,538.9,541.41,531.86,533.8,26.69,2109599,0.0000,1.0
2014-11-28,540.62,542.0,536.6,541.83,27.0915,1145231,0.0000,1.0
2014-11-26,540.88,541.55,537.042,540.37,27.0185,1519503,0.0000,1.0
2014-11-25,539.0,543.98,538.602,541.08,27.054,1784967,0.0000,1.0
2014-11-24,537.65,542.7,535.62,539.27,26.9635,1701682,0.0000,1.0
2014-11-21,541.61,542.14,536.56,537.5,26.875,2218249,0.0000,1.0
2014-11-20,531.25,535.11,531.08,534.83,26.7415,1559131,0.0000,1.0
2014-11-19,535.0,538.24,530.08,536.99,26.8495,1388440,0.0000,1.0
2014-11-18,537.5,541.94,534.17,535.03,26.7515,1957664,0.0000,1.0
2014-11-17,543.58,543.79,534.061,536.51,26.8255,1721282,0.0000,1.0
2014-11-14,546.68,546.68,542.15,544.4,27.22,1285991,0.0000,1.0
2014-11-13,549.8,549.8,543.48,545.38,27.269,1335719,0.0000,1.0
2014-11-12,550.39,550.46,545.17,547.31,27.3655,1126594,0.0000,1.0
2014-11-11,548.49,551.9399,546.3,550.29,27.5145,964866,0.0000,1.0
2014-11-10,541.46,549.59,541.02,547.49,27.3745,1131546,0.0000,1.0
2014-11-07,546.21,546.21,538.67,541.01,27.0505,1629259,0.0000,1.0
2014-11-06,545.5,546.885,540.97,542.04,27.102,1329604,0.0000,1.0
2014-11-05,556.8,556.8,544.05,545.92,27.296,2026740,0.0000,1.0
2014-11-04,553.0,555.5,549.3,554.11,27.7055,1240761,0.0000,1.0
2014-11-03,555.5,557.9,553.23,555.22,27.761,1378511,0.0000,1.0
2014-10-31,559.35,559.57,554.75,559.08,27.954,2032887,0.0000,1.0
2014-10-30,548.95,552.8,543.51,550.31,27.5155,1451667,0.0000,1.0
2014-10-29,550.0,554.19,546.98,549.33,27.4665,1767107,0.0000,1.0
2014-10-28,543.0,548.98,541.62,548.9,27.445,1273372,0.0000,1.0
2014-10-27,537.03,544.41,537.03,540.77,27.0385,1184973,0.0000,1.0
2014-10-24,544.36,544.88,535.79,539.78,26.989,1972047,0.0000,1.0
2014-10-23,539.32,547.22,535.85,543.98,27.199,2345296,0.0000,1.0
2014-10-22,529.89,539.8,528.8,532.71,26.6355,2917183,0.0000,1.0
2014-10-21,525.19,526.79,519.11,526.54,26.327,2332531,0.0000,1.0
2014-10-20,509.45,521.76,508.1,520.84,26.042,2605505,0.0000,1.0
2014-10-17,527.25,530.98,508.53,511.17,25.5585,5530674,0.0000,1.0
2014-10-16,519.0,529.43,515.0,524.51,26.2255,3698423,0.0000,1.0
2014-10-15,531.01,532.8,518.3,530.03,26.5015,3712536,0.0000,1.0
2014-10-14,538.9,547.19,533.1695,537.94,26.897,2217230,0.0000,1.0
2014-10-13,544.99,549.5,533.1,533.21,26.6605,2578676,0.0000,1.0
2014-10-10,557.72,565.1299,544.05,544.49,27.2245,3078634,0.0000,1.0
2014-10-09,571.18,571.49,559.06,560.88,28.044,2519693,0.0000,1.0
2014-10-08,565.57,573.88,557.49,572.5,28.625,1987888,0.0000,1.0
2014-10-07,574.4,575.27,563.74,563.74,28.187,1906427,0.0000,1.0
2014-10-06,578.8,581.0,574.44,577.35,28.8675,1211320,0.0000,1.0
2014-10-03,573.05,577.225,572.5,575.28,28.764,1138636,0.0000,1.0
2014-10-02,567.31,571.91,563.32,570.08,28.504,1175307,0.0000,1.0
2014-10-01,576.01,577.5799,567.01,568.27,28.4135,1445027,0.0000,1.0
2014-09-30,576.93,579.85,572.85,577.36,28.868,1618437,0.0000,1.0
2014-09-29,571.75,578.19,571.17,576.36,28.818,1281204,0.0000,1.0
2014-09-26,576.06,579.25,574.66,577.1,28.855,1439807,0.0000,1.0
2014-09-25,587.55,587.98,574.18,575.06,28.753,1915643,0.0000,1.0
2014-09-24,581.46,589.63,580.52,587.99,29.3995,1721085,0.0000,1.0
2014-09-23,586.85,586.85,581.0,581.13,29.0565,1467400,0.0000,1.0
2014-09-22,593.82,593.949,583.46,587.37,29.3685,1684900,0.0000,1.0
2014-09-19,591.5,596.48,589.5,596.08,29.804,3726400,0.0000,1.0
2014-09-18,587.0,589.54,585.0,589.27,29.4635,1440600,0.0000,1.0
2014-09-17,580.01,587.5199,578.775,584.77,29.2385,1688200,0.0000,1.0
2014-09-16,572.76,581.5,572.66,579.95,28.9975,1476300,0.0000,1.0
2014-09-15,572.94,574.95,568.21,573.1,28.655,1593200,0.0000,1.0
2014-09-12,581.0,581.64,574.46,575.62,28.781,1597300,0.0000,1.0
2014-09-11,580.36,581.81,576.26,581.35,29.0675,1217700,0.0000,1.0
2014-09-10,581.5,583.5,576.94,583.1,29.155,974700,0.0000,1.0
2014-09-09,588.9,589.0,580.0,581.01,29.0505,1283700,0.0000,1.0
2014-09-08,586.6,591.77,586.3,589.72,29.486,1427100,0.0000,1.0
2014-09-05,583.98,586.55,581.95,586.08,29.304,1627900,0.0000,1.0
2014-09-04,580.0,586.0,579.22,581.98,29.099,1454200,0.0000,1.0
2014-09-03,580.0,582.99,575.0,577.94,28.897,1211800,0.0000,1.0
2014-09-02,571.85,577.83,571.19,577.33,28.8665,1574100,0.0000,1.0
2014-08-29,571.33,572.04,567.0692,571.6,28.58,1080800,0.0000,1.0
2014-08-28,569.56,573.25,567.1,569.2,28.46,1289400,0.0000,1.0
2014-08-27,577.27,578.49,570.103,571.0,28.55,1698700,0.0000,1.0
2014-08-26,581.26,581.8,576.58,577.86,28.893,1635200,0.0000,1.0
2014-08-25,584.72,585.0,579.0,580.2,29.01,1357700,0.0000,1.0
2014-08-22,583.59,585.236,580.64,582.56,29.128,786900,0.0000,1.0
2014-08-21,583.82,584.5,581.14,583.37,29.1685,912300,0.0000,1.0
2014-08-20,585.88,586.7,582.57,584.49,29.2245,1033900,0.0000,1.0
2014-08-19,585.0,587.34,584.0,586.86,29.343,976000,0.0000,1.0
2014-08-18,576.11,584.51,576.0,582.16,29.108,1280600,0.0000,1.0
2014-08-15,577.86,579.38,570.52,573.48,28.674,1515000,0.0000,1.0
2014-08-14,576.18,577.9,570.88,574.65,28.7325,982800,0.0000,1.0
2014-08-13,567.31,575.0,565.75,574.78,28.739,1437900,0.0000,1.0
2014-08-12,564.52,565.9,560.88,562.73,28.1365,1537800,0.0000,1.0
2014-08-11,569.99,570.49,566.0,567.88,28.394,1211400,0.0000,1.0
2014-08-08,563.56,570.25,560.35,568.77,28.4385,1490700,0.0000,1.0
2014-08-07,568.0,569.89,561.1,563.36,28.168,1107900,0.0000,1.0
2014-08-06,561.78,570.7,560.0,566.374,28.3187,1330700,0.0000,1.0
2014-08-05,570.05,571.98,562.61,565.07,28.2535,1547000,0.0000,1.0
2014-08-04,569.04,575.35,564.1,573.15,28.6575,1423400,0.0000,1.0
2014-08-01,570.4,575.9599,562.85,566.07,28.3035,1949900,0.0000,1.0
2014-07-31,580.6,583.6499,570.0,571.6,28.58,2097000,0.0000,1.0
2014-07-30,586.55,589.5,584.0,587.42,29.371,1013700,0.0000,1.0
2014-07-29,588.75,589.7,583.515,585.61,29.2805,1346200,0.0000,1.0
2014-07-28,588.07,592.5,584.7533,590.6,29.53,984100,0.0000,1.0
2014-07-25,590.4,591.86,587.03,589.02,29.451,929900,0.0000,1.0
2014-07-24,596.45,599.5,591.77,593.35,29.6675,1032300,0.0000,1.0
2014-07-23,593.23,597.85,592.5,595.98,29.799,1229800,0.0000,1.0
2014-07-22,590.72,599.65,590.6,594.74,29.737,1694500,0.0000,1.0
2014-07-21,591.75,594.4,585.2326,589.47,29.4735,2056500,0.0000,1.0
2014-07-18,593.0,596.8,582.0,595.08,29.754,4003200,0.0000,1.0
2014-07-17,579.53,580.99,568.61,573.7299,28.686495,3008300,0.0000,1.0
2014-07-16,588.0,588.4,582.2,582.66,29.133,1393300,0.0000,1.0
2014-07-15,585.74,585.8045,576.56,584.78,29.239,1618600,0.0000,1.0
2014-07-14,582.6,585.21,578.03,584.87,29.2435,1849000,0.0000,1.0
2014-07-11,571.91,580.85,571.42,579.18,28.959,1617300,0.0000,1.0
2014-07-10,565.91,576.59,565.01,571.1,28.555,1353000,0.0000,1.0
2014-07-09,571.58,576.72,569.376,576.08,28.804,1113700,0.0000,1.0
2014-07-08,577.66,579.5284,566.135,571.09,28.5545,1904300,0.0000,1.0
2014-07-07,583.76,586.4299,579.59,582.25,29.1125,1061700,0.0000,1.0
2014-07-03,583.35,585.01,580.92,584.73,29.2365,712200,0.0000,1.0
2014-07-02,583.35,585.4399,580.39,582.335,29.11675,1053500,0.0000,1.0
2014-07-01,578.32,584.4,576.65,582.67,29.1335,1444000,0.0000,1.0
2014-06-30,578.66,579.57,574.75,575.28,28.764,1310200,0.0000,1.0
2014-06-27,577.18,579.87,573.8,577.24,28.862,2230800,0.0000,1.0
2014-06-26,581.0,582.45,571.85,576.0,28.8,1737200,0.0000,1.0
2014-06-25,565.26,579.96,565.22,578.65,28.9325,1964000,0.0000,1.0
2014-06-24,565.19,572.646,561.01,564.62,28.231,2201100,0.0000,1.0
2014-06-23,555.15,565.0,554.25,564.95,28.2475,1532600,0.0000,1.0
2014-06-20,556.85,557.58,550.3915,556.36,27.818,4496000,0.0000,1.0
2014-06-19,554.24,555.0,548.51,554.9,27.745,2450100,0.0000,1.0
2014-06-18,544.86,553.56,544.0,553.37,27.6685,1737000,0.0000,1.0
2014-06-17,544.2,545.32,539.33,543.01,27.1505,1440600,0.0000,1.0
2014-06-16,549.26,549.62,541.52,544.28,27.214,1697900,0.0000,1.0
2014-06-13,552.26,552.3,545.56,551.76,27.588,1217200,0.0000,1.0
2014-06-12,557.3,557.99,548.46,551.35,27.5675,1454500,0.0000,1.0
2014-06-11,558.0,559.88,555.0201,558.84,27.942,1097100,0.0000,1.0
2014-06-10,560.51,563.6,557.9,560.55,28.0275,1348000,0.0000,1.0
2014-06-09,557.15,562.9,556.04,562.12,28.106,1463500,0.0000,1.0
2014-06-06,558.06,558.06,548.93,556.33,27.8165,1732000,0.0000,1.0
2014-06-05,546.4,554.95,544.45,553.9,27.695,1684500,0.0000,1.0
2014-06-04,541.5,548.61,538.75,544.66,27.233,1811500,0.0000,1.0
2014-06-03,550.99,552.34,542.55,544.94,27.247,1861500,0.0000,1.0
2014-06-02,560.7,560.9,545.73,553.93,27.6965,1431100,0.0000,1.0
2014-05-30,560.8,561.35,555.91,559.89,27.9945,1766300,0.0000,1.0
2014-05-29,563.35,564.0,558.71,560.08,28.004,1350400,0.0000,1.0
2014-05-28,564.57,567.84,561.0,561.68,28.084,1647500,0.0000,1.0
2014-05-27,556.0,566.0,554.35,565.95,28.2975,2098400,0.0000,1.0
2014-05-23,547.26,553.64,543.7,552.7,27.635,1926900,0.0000,1.0
2014-05-22,541.13,547.5999,540.78,545.06,27.253,1611400,0.0000,1.0
2014-05-21,532.9,539.1828,531.91,538.94,26.947,1193000,0.0000,1.0
2014-05-20,529.74,536.23,526.3,529.77,26.4885,1779900,0.0000,1.0
2014-05-19,519.7,529.78,517.583,528.86,26.443,1274300,0.0000,1.0
2014-05-16,521.39,521.8,515.44,520.63,26.0315,1481200,0.0000,1.0
2014-05-15,525.7,525.87,517.42,519.98,25.999,1699700,0.0000,1.0
2014-05-14,533.0,533.0,525.29,526.65,26.3325,1188500,0.0000,1.0
2014-05-13,530.89,536.07,529.51,533.09,26.6545,1648900,0.0000,1.0
2014-05-12,523.51,530.19,519.01,529.92,26.496,1907300,0.0000,1.0
2014-05-09,510.75,519.9,504.2,518.73,25.9365,2432800,0.0000,1.0
2014-05-08,508.46,517.23,506.45,511.0,25.55,2015800,0.0000,1.0
2014-05-07,515.79,516.68,503.3,509.96,25.498,3215500,0.0000,1.0
2014-05-06,525.23,526.81,515.06,515.14,25.757,1684400,0.0000,1.0
2014-05-05,524.82,528.9,521.32,527.81,26.3905,1021300,0.0000,1.0
2014-05-02,533.76,533.9999,525.61,527.93,26.3965,1683900,0.0000,1.0
2014-05-01,527.11,532.93,523.88,531.35,26.5675,1900300,0.0000,1.0
2014-04-30,527.6,528.0,522.52,526.66,26.333,1746400,0.0000,1.0
2014-04-29,516.9,529.46,516.32,527.7,26.385,2691700,0.0000,1.0
2014-04-28,517.18,518.6,502.8,517.15,25.8575,3326400,0.0000,1.0
2014-04-25,522.51,524.7,515.42,516.18,25.809,2094600,0.0000,1.0
2014-04-24,530.07,531.65,522.12,525.16,26.258,1878000,0.0000,1.0
2014-04-23,533.79,533.87,526.25,526.94,26.347,2046700,0.0000,1.0
2014-04-22,528.64,537.23,527.51,534.81,26.7405,2358900,0.0000,1.0
2014-04-21,536.1,536.7,525.6,528.62,26.431,2559700,0.0000,1.0
2014-04-17,548.81,549.5,531.15,536.1,26.805,6790900,0.0000,1.0
2014-04-16,543.0,557.0,540.0,556.54,27.827,4879900,0.0000,1.0
2014-04-15,536.82,538.45,518.4601,536.44,26.822,3844500,0.0000,1.0
2014-04-14,538.25,544.1,529.561,532.52,26.626,2568000,0.0000,1.0
2014-04-11,532.55,540.0,526.53,530.6,26.53,3914100,0.0000,1.0
2014-04-10,565.0,565.0,539.9,540.95,27.0475,4025800,0.0000,1.0
2014-04-09,559.62,565.37,552.95,564.14,28.207,3321700,0.0000,1.0
2014-04-08,542.6,555.0,541.61,554.9,27.745,3142600,0.0000,1.0
2014-04-07,540.74,548.48,527.15,538.15,26.9075,4389600,0.0000,1.0
2014-04-04,574.65,577.77,543.0,543.14,27.157,6351900,0.0000,1.0
2014-04-03,569.85,587.28,564.13,569.74,28.487,5085200,0.0000,1.0
2014-04-02,565.106,604.83,562.19,567.0,28.35,146700,0.0000,1.0
2014-04-01,558.71,568.45,558.71,567.16,28.358,7900,0.0000,1.0
2014-03-31,566.89,567.0,556.93,556.97,27.8485,10800,0.0000,1.0
2014-03-28,561.2,566.43,558.67,559.99,27.9995,41100,0.0000,1.0
2014-03-27,568.0,568.0,552.92,558.46,27.923,13100,0.0000,1.0
